0.00,	0.00
6.00,	0.00
12.00,	0.00
18.00,	0.00
24.00,	0.00
30.00,	0.00
36.00,	0.00
42.00,	0.00
48.00,	0.00
54.00,	0.00
0.00,	6.00
6.00,	6.00
12.00,	6.00
18.00,	6.00
24.00,	6.00
30.00,	6.00
36.00,	6.00
42.00,	6.00
48.00,	6.00
54.00,	6.00
0.00,	12.00
6.00,	12.00
12.00,	12.00
18.00,	12.00
24.00,	12.00
30.00,	12.00
36.00,	12.00
42.00,	12.00
48.00,	12.00
54.00,	12.00
0.00,	18.00
6.00,	18.00
12.00,	18.00
18.00,	18.00
24.00,	18.00
30.00,	18.00
36.00,	18.00
42.00,	18.00
48.00,	18.00
54.00,	18.00
0.00,	24.00
6.00,	24.00
12.00,	24.00
18.00,	24.00
24.00,	24.00
30.00,	24.00
36.00,	24.00
42.00,	24.00
48.00,	24.00
54.00,	24.00
0.00,	30.00
6.00,	30.00
12.00,	30.00
18.00,	30.00
24.00,	30.00
30.00,	30.00
36.00,	30.00
42.00,	30.00
48.00,	30.00
54.00,	30.00