hour	Nr.Pers
0	4
1	4
2	4
3	4
4	4
5	4
6	4
7	2
8	3
9	2
10	0
11	0
12	1
13	3
14	2
15	1
16	0
17	0
18	1
19	2
20	2
21	4
22	3
23	4
24	4
25	4
26	4
27	4
28	4
29	4
30	4
31	2
32	3
33	2
34	0
35	0
36	1
37	3
38	2
39	1
40	0
41	0
42	1
43	2
44	2
45	4
46	3
47	4
48	4
49	4
50	4
51	4
52	4
53	4
54	4
55	2
56	3
57	2
58	0
59	0
60	1
61	3
62	2
63	1
64	0
65	0
66	1
67	2
68	2
69	4
70	3
71	4
72	4
73	4
74	4
75	4
76	4
77	4
78	4
79	2
80	3
81	2
82	0
83	0
84	1
85	3
86	2
87	1
88	0
89	0
90	1
91	2
92	2
93	4
94	3
95	4
96	4
97	4
98	4
99	4
100	4
101	4
102	4
103	2
104	3
105	2
106	0
107	0
108	1
109	3
110	2
111	1
112	0
113	0
114	1
115	2
116	2
117	4
118	3
119	4
120	4
121	4
122	4
123	4
124	4
125	4
126	4
127	2
128	3
129	2
130	0
131	0
132	1
133	3
134	2
135	1
136	0
137	0
138	1
139	2
140	2
141	4
142	3
143	4
144	4
145	4
146	4
147	4
148	4
149	4
150	4
151	2
152	3
153	2
154	0
155	0
156	1
157	3
158	2
159	1
160	0
161	0
162	1
163	2
164	2
165	4
166	3
167	4
168	4
169	4
170	4
171	4
172	4
173	4
174	4
175	2
176	3
177	2
178	0
179	0
180	1
181	3
182	2
183	1
184	0
185	0
186	1
187	2
188	2
189	4
190	3
191	4
192	4
193	4
194	4
195	4
196	4
197	4
198	4
199	2
200	3
201	2
202	0
203	0
204	1
205	3
206	2
207	1
208	0
209	0
210	1
211	2
212	2
213	4
214	3
215	4
216	4
217	4
218	4
219	4
220	4
221	4
222	4
223	2
224	3
225	2
226	0
227	0
228	1
229	3
230	2
231	1
232	0
233	0
234	1
235	2
236	2
237	4
238	3
239	4
240	4
241	4
242	4
243	4
244	4
245	4
246	4
247	2
248	3
249	2
250	0
251	0
252	1
253	3
254	2
255	1
256	0
257	0
258	1
259	2
260	2
261	4
262	3
263	4
264	4
265	4
266	4
267	4
268	4
269	4
270	4
271	2
272	3
273	2
274	0
275	0
276	1
277	3
278	2
279	1
280	0
281	0
282	1
283	2
284	2
285	4
286	3
287	4
288	4
289	4
290	4
291	4
292	4
293	4
294	4
295	2
296	3
297	2
298	0
299	0
300	1
301	3
302	2
303	1
304	0
305	0
306	1
307	2
308	2
309	4
310	3
311	4
312	4
313	4
314	4
315	4
316	4
317	4
318	4
319	2
320	3
321	2
322	0
323	0
324	1
325	3
326	2
327	1
328	0
329	0
330	1
331	2
332	2
333	4
334	3
335	4
336	4
337	4
338	4
339	4
340	4
341	4
342	4
343	2
344	3
345	2
346	0
347	0
348	1
349	3
350	2
351	1
352	0
353	0
354	1
355	2
356	2
357	4
358	3
359	4
360	4
361	4
362	4
363	4
364	4
365	4
366	4
367	2
368	3
369	2
370	0
371	0
372	1
373	3
374	2
375	1
376	0
377	0
378	1
379	2
380	2
381	4
382	3
383	4
384	4
385	4
386	4
387	4
388	4
389	4
390	4
391	2
392	3
393	2
394	0
395	0
396	1
397	3
398	2
399	1
400	0
401	0
402	1
403	2
404	2
405	4
406	3
407	4
408	4
409	4
410	4
411	4
412	4
413	4
414	4
415	2
416	3
417	2
418	0
419	0
420	1
421	3
422	2
423	1
424	0
425	0
426	1
427	2
428	2
429	4
430	3
431	4
432	4
433	4
434	4
435	4
436	4
437	4
438	4
439	2
440	3
441	2
442	0
443	0
444	1
445	3
446	2
447	1
448	0
449	0
450	1
451	2
452	2
453	4
454	3
455	4
456	4
457	4
458	4
459	4
460	4
461	4
462	4
463	2
464	3
465	2
466	0
467	0
468	1
469	3
470	2
471	1
472	0
473	0
474	1
475	2
476	2
477	4
478	3
479	4
480	4
481	4
482	4
483	4
484	4
485	4
486	4
487	2
488	3
489	2
490	0
491	0
492	1
493	3
494	2
495	1
496	0
497	0
498	1
499	2
500	2
501	4
502	3
503	4
504	4
505	4
506	4
507	4
508	4
509	4
510	4
511	2
512	3
513	2
514	0
515	0
516	1
517	3
518	2
519	1
520	0
521	0
522	1
523	2
524	2
525	4
526	3
527	4
528	4
529	4
530	4
531	4
532	4
533	4
534	4
535	2
536	3
537	2
538	0
539	0
540	1
541	3
542	2
543	1
544	0
545	0
546	1
547	2
548	2
549	4
550	3
551	4
552	4
553	4
554	4
555	4
556	4
557	4
558	4
559	2
560	3
561	2
562	0
563	0
564	1
565	3
566	2
567	1
568	0
569	0
570	1
571	2
572	2
573	4
574	3
575	4
576	4
577	4
578	4
579	4
580	4
581	4
582	4
583	2
584	3
585	2
586	0
587	0
588	1
589	3
590	2
591	1
592	0
593	0
594	1
595	2
596	2
597	4
598	3
599	4
600	4
601	4
602	4
603	4
604	4
605	4
606	4
607	2
608	3
609	2
610	0
611	0
612	1
613	3
614	2
615	1
616	0
617	0
618	1
619	2
620	2
621	4
622	3
623	4
624	4
625	4
626	4
627	4
628	4
629	4
630	4
631	2
632	3
633	2
634	0
635	0
636	1
637	3
638	2
639	1
640	0
641	0
642	1
643	2
644	2
645	4
646	3
647	4
648	4
649	4
650	4
651	4
652	4
653	4
654	4
655	2
656	3
657	2
658	0
659	0
660	1
661	3
662	2
663	1
664	0
665	0
666	1
667	2
668	2
669	4
670	3
671	4
672	4
673	4
674	4
675	4
676	4
677	4
678	4
679	2
680	3
681	2
682	0
683	0
684	1
685	3
686	2
687	1
688	0
689	0
690	1
691	2
692	2
693	4
694	3
695	4
696	4
697	4
698	4
699	4
700	4
701	4
702	4
703	2
704	3
705	2
706	0
707	0
708	1
709	3
710	2
711	1
712	0
713	0
714	1
715	2
716	2
717	4
718	3
719	4
720	4
721	4
722	4
723	4
724	4
725	4
726	4
727	2
728	3
729	2
730	0
731	0
732	1
733	3
734	2
735	1
736	0
737	0
738	1
739	2
740	2
741	4
742	3
743	4
744	4
745	4
746	4
747	4
748	4
749	4
750	4
751	2
752	3
753	2
754	0
755	0
756	1
757	3
758	2
759	1
760	0
761	0
762	1
763	2
764	2
765	4
766	3
767	4
768	4
769	4
770	4
771	4
772	4
773	4
774	4
775	2
776	3
777	2
778	0
779	0
780	1
781	3
782	2
783	1
784	0
785	0
786	1
787	2
788	2
789	4
790	3
791	4
792	4
793	4
794	4
795	4
796	4
797	4
798	4
799	2
800	3
801	2
802	0
803	0
804	1
805	3
806	2
807	1
808	0
809	0
810	1
811	2
812	2
813	4
814	3
815	4
816	4
817	4
818	4
819	4
820	4
821	4
822	4
823	2
824	3
825	2
826	0
827	0
828	1
829	3
830	2
831	1
832	0
833	0
834	1
835	2
836	2
837	4
838	3
839	4
840	4
841	4
842	4
843	4
844	4
845	4
846	4
847	2
848	3
849	2
850	0
851	0
852	1
853	3
854	2
855	1
856	0
857	0
858	1
859	2
860	2
861	4
862	3
863	4
864	4
865	4
866	4
867	4
868	4
869	4
870	4
871	2
872	3
873	2
874	0
875	0
876	1
877	3
878	2
879	1
880	0
881	0
882	1
883	2
884	2
885	4
886	3
887	4
888	4
889	4
890	4
891	4
892	4
893	4
894	4
895	2
896	3
897	2
898	0
899	0
900	1
901	3
902	2
903	1
904	0
905	0
906	1
907	2
908	2
909	4
910	3
911	4
912	4
913	4
914	4
915	4
916	4
917	4
918	4
919	2
920	3
921	2
922	0
923	0
924	1
925	3
926	2
927	1
928	0
929	0
930	1
931	2
932	2
933	4
934	3
935	4
936	4
937	4
938	4
939	4
940	4
941	4
942	4
943	2
944	3
945	2
946	0
947	0
948	1
949	3
950	2
951	1
952	0
953	0
954	1
955	2
956	2
957	4
958	3
959	4
960	4
961	4
962	4
963	4
964	4
965	4
966	4
967	2
968	3
969	2
970	0
971	0
972	1
973	3
974	2
975	1
976	0
977	0
978	1
979	2
980	2
981	4
982	3
983	4
984	4
985	4
986	4
987	4
988	4
989	4
990	4
991	2
992	3
993	2
994	0
995	0
996	1
997	3
998	2
999	1
1000	0
1001	0
1002	1
1003	2
1004	2
1005	4
1006	3
1007	4
1008	4
1009	4
1010	4
1011	4
1012	4
1013	4
1014	4
1015	2
1016	3
1017	2
1018	0
1019	0
1020	1
1021	3
1022	2
1023	1
1024	0
1025	0
1026	1
1027	2
1028	2
1029	4
1030	3
1031	4
1032	4
1033	4
1034	4
1035	4
1036	4
1037	4
1038	4
1039	2
1040	3
1041	2
1042	0
1043	0
1044	1
1045	3
1046	2
1047	1
1048	0
1049	0
1050	1
1051	2
1052	2
1053	4
1054	3
1055	4
1056	4
1057	4
1058	4
1059	4
1060	4
1061	4
1062	4
1063	2
1064	3
1065	2
1066	0
1067	0
1068	1
1069	3
1070	2
1071	1
1072	0
1073	0
1074	1
1075	2
1076	2
1077	4
1078	3
1079	4
1080	4
1081	4
1082	4
1083	4
1084	4
1085	4
1086	4
1087	2
1088	3
1089	2
1090	0
1091	0
1092	1
1093	3
1094	2
1095	1
1096	0
1097	0
1098	1
1099	2
1100	2
1101	4
1102	3
1103	4
1104	4
1105	4
1106	4
1107	4
1108	4
1109	4
1110	4
1111	2
1112	3
1113	2
1114	0
1115	0
1116	1
1117	3
1118	2
1119	1
1120	0
1121	0
1122	1
1123	2
1124	2
1125	4
1126	3
1127	4
1128	4
1129	4
1130	4
1131	4
1132	4
1133	4
1134	4
1135	2
1136	3
1137	2
1138	0
1139	0
1140	1
1141	3
1142	2
1143	1
1144	0
1145	0
1146	1
1147	2
1148	2
1149	4
1150	3
1151	4
1152	4
1153	4
1154	4
1155	4
1156	4
1157	4
1158	4
1159	2
1160	3
1161	2
1162	0
1163	0
1164	1
1165	3
1166	2
1167	1
1168	0
1169	0
1170	1
1171	2
1172	2
1173	4
1174	3
1175	4
1176	4
1177	4
1178	4
1179	4
1180	4
1181	4
1182	4
1183	2
1184	3
1185	2
1186	0
1187	0
1188	1
1189	3
1190	2
1191	1
1192	0
1193	0
1194	1
1195	2
1196	2
1197	4
1198	3
1199	4
1200	4
1201	4
1202	4
1203	4
1204	4
1205	4
1206	4
1207	2
1208	3
1209	2
1210	0
1211	0
1212	1
1213	3
1214	2
1215	1
1216	0
1217	0
1218	1
1219	2
1220	2
1221	4
1222	3
1223	4
1224	4
1225	4
1226	4
1227	4
1228	4
1229	4
1230	4
1231	2
1232	3
1233	2
1234	0
1235	0
1236	1
1237	3
1238	2
1239	1
1240	0
1241	0
1242	1
1243	2
1244	2
1245	4
1246	3
1247	4
1248	4
1249	4
1250	4
1251	4
1252	4
1253	4
1254	4
1255	2
1256	3
1257	2
1258	0
1259	0
1260	1
1261	3
1262	2
1263	1
1264	0
1265	0
1266	1
1267	2
1268	2
1269	4
1270	3
1271	4
1272	4
1273	4
1274	4
1275	4
1276	4
1277	4
1278	4
1279	2
1280	3
1281	2
1282	0
1283	0
1284	1
1285	3
1286	2
1287	1
1288	0
1289	0
1290	1
1291	2
1292	2
1293	4
1294	3
1295	4
1296	4
1297	4
1298	4
1299	4
1300	4
1301	4
1302	4
1303	2
1304	3
1305	2
1306	0
1307	0
1308	1
1309	3
1310	2
1311	1
1312	0
1313	0
1314	1
1315	2
1316	2
1317	4
1318	3
1319	4
1320	4
1321	4
1322	4
1323	4
1324	4
1325	4
1326	4
1327	2
1328	3
1329	2
1330	0
1331	0
1332	1
1333	3
1334	2
1335	1
1336	0
1337	0
1338	1
1339	2
1340	2
1341	4
1342	3
1343	4
1344	4
1345	4
1346	4
1347	4
1348	4
1349	4
1350	4
1351	2
1352	3
1353	2
1354	0
1355	0
1356	1
1357	3
1358	2
1359	1
1360	0
1361	0
1362	1
1363	2
1364	2
1365	4
1366	3
1367	4
1368	4
1369	4
1370	4
1371	4
1372	4
1373	4
1374	4
1375	2
1376	3
1377	2
1378	0
1379	0
1380	1
1381	3
1382	2
1383	1
1384	0
1385	0
1386	1
1387	2
1388	2
1389	4
1390	3
1391	4
1392	4
1393	4
1394	4
1395	4
1396	4
1397	4
1398	4
1399	2
1400	3
1401	2
1402	0
1403	0
1404	1
1405	3
1406	2
1407	1
1408	0
1409	0
1410	1
1411	2
1412	2
1413	4
1414	3
1415	4
1416	4
1417	4
1418	4
1419	4
1420	4
1421	4
1422	4
1423	2
1424	3
1425	2
1426	0
1427	0
1428	1
1429	3
1430	2
1431	1
1432	0
1433	0
1434	1
1435	2
1436	2
1437	4
1438	3
1439	4
1440	4
1441	4
1442	4
1443	4
1444	4
1445	4
1446	4
1447	2
1448	3
1449	2
1450	0
1451	0
1452	1
1453	3
1454	2
1455	1
1456	0
1457	0
1458	1
1459	2
1460	2
1461	4
1462	3
1463	4
1464	4
1465	4
1466	4
1467	4
1468	4
1469	4
1470	4
1471	2
1472	3
1473	2
1474	0
1475	0
1476	1
1477	3
1478	2
1479	1
1480	0
1481	0
1482	1
1483	2
1484	2
1485	4
1486	3
1487	4
1488	4
1489	4
1490	4
1491	4
1492	4
1493	4
1494	4
1495	2
1496	3
1497	2
1498	0
1499	0
1500	1
1501	3
1502	2
1503	1
1504	0
1505	0
1506	1
1507	2
1508	2
1509	4
1510	3
1511	4
1512	4
1513	4
1514	4
1515	4
1516	4
1517	4
1518	4
1519	2
1520	3
1521	2
1522	0
1523	0
1524	1
1525	3
1526	2
1527	1
1528	0
1529	0
1530	1
1531	2
1532	2
1533	4
1534	3
1535	4
1536	4
1537	4
1538	4
1539	4
1540	4
1541	4
1542	4
1543	2
1544	3
1545	2
1546	0
1547	0
1548	1
1549	3
1550	2
1551	1
1552	0
1553	0
1554	1
1555	2
1556	2
1557	4
1558	3
1559	4
1560	4
1561	4
1562	4
1563	4
1564	4
1565	4
1566	4
1567	2
1568	3
1569	2
1570	0
1571	0
1572	1
1573	3
1574	2
1575	1
1576	0
1577	0
1578	1
1579	2
1580	2
1581	4
1582	3
1583	4
1584	4
1585	4
1586	4
1587	4
1588	4
1589	4
1590	4
1591	2
1592	3
1593	2
1594	0
1595	0
1596	1
1597	3
1598	2
1599	1
1600	0
1601	0
1602	1
1603	2
1604	2
1605	4
1606	3
1607	4
1608	4
1609	4
1610	4
1611	4
1612	4
1613	4
1614	4
1615	2
1616	3
1617	2
1618	0
1619	0
1620	1
1621	3
1622	2
1623	1
1624	0
1625	0
1626	1
1627	2
1628	2
1629	4
1630	3
1631	4
1632	4
1633	4
1634	4
1635	4
1636	4
1637	4
1638	4
1639	2
1640	3
1641	2
1642	0
1643	0
1644	1
1645	3
1646	2
1647	1
1648	0
1649	0
1650	1
1651	2
1652	2
1653	4
1654	3
1655	4
1656	4
1657	4
1658	4
1659	4
1660	4
1661	4
1662	4
1663	2
1664	3
1665	2
1666	0
1667	0
1668	1
1669	3
1670	2
1671	1
1672	0
1673	0
1674	1
1675	2
1676	2
1677	4
1678	3
1679	4
1680	4
1681	4
1682	4
1683	4
1684	4
1685	4
1686	4
1687	2
1688	3
1689	2
1690	0
1691	0
1692	1
1693	3
1694	2
1695	1
1696	0
1697	0
1698	1
1699	2
1700	2
1701	4
1702	3
1703	4
1704	4
1705	4
1706	4
1707	4
1708	4
1709	4
1710	4
1711	2
1712	3
1713	2
1714	0
1715	0
1716	1
1717	3
1718	2
1719	1
1720	0
1721	0
1722	1
1723	2
1724	2
1725	4
1726	3
1727	4
1728	4
1729	4
1730	4
1731	4
1732	4
1733	4
1734	4
1735	2
1736	3
1737	2
1738	0
1739	0
1740	1
1741	3
1742	2
1743	1
1744	0
1745	0
1746	1
1747	2
1748	2
1749	4
1750	3
1751	4
1752	4
1753	4
1754	4
1755	4
1756	4
1757	4
1758	4
1759	2
1760	3
1761	2
1762	0
1763	0
1764	1
1765	3
1766	2
1767	1
1768	0
1769	0
1770	1
1771	2
1772	2
1773	4
1774	3
1775	4
1776	4
1777	4
1778	4
1779	4
1780	4
1781	4
1782	4
1783	2
1784	3
1785	2
1786	0
1787	0
1788	1
1789	3
1790	2
1791	1
1792	0
1793	0
1794	1
1795	2
1796	2
1797	4
1798	3
1799	4
1800	4
1801	4
1802	4
1803	4
1804	4
1805	4
1806	4
1807	2
1808	3
1809	2
1810	0
1811	0
1812	1
1813	3
1814	2
1815	1
1816	0
1817	0
1818	1
1819	2
1820	2
1821	4
1822	3
1823	4
1824	4
1825	4
1826	4
1827	4
1828	4
1829	4
1830	4
1831	2
1832	3
1833	2
1834	0
1835	0
1836	1
1837	3
1838	2
1839	1
1840	0
1841	0
1842	1
1843	2
1844	2
1845	4
1846	3
1847	4
1848	4
1849	4
1850	4
1851	4
1852	4
1853	4
1854	4
1855	2
1856	3
1857	2
1858	0
1859	0
1860	1
1861	3
1862	2
1863	1
1864	0
1865	0
1866	1
1867	2
1868	2
1869	4
1870	3
1871	4
1872	4
1873	4
1874	4
1875	4
1876	4
1877	4
1878	4
1879	2
1880	3
1881	2
1882	0
1883	0
1884	1
1885	3
1886	2
1887	1
1888	0
1889	0
1890	1
1891	2
1892	2
1893	4
1894	3
1895	4
1896	4
1897	4
1898	4
1899	4
1900	4
1901	4
1902	4
1903	2
1904	3
1905	2
1906	0
1907	0
1908	1
1909	3
1910	2
1911	1
1912	0
1913	0
1914	1
1915	2
1916	2
1917	4
1918	3
1919	4
1920	4
1921	4
1922	4
1923	4
1924	4
1925	4
1926	4
1927	2
1928	3
1929	2
1930	0
1931	0
1932	1
1933	3
1934	2
1935	1
1936	0
1937	0
1938	1
1939	2
1940	2
1941	4
1942	3
1943	4
1944	4
1945	4
1946	4
1947	4
1948	4
1949	4
1950	4
1951	2
1952	3
1953	2
1954	0
1955	0
1956	1
1957	3
1958	2
1959	1
1960	0
1961	0
1962	1
1963	2
1964	2
1965	4
1966	3
1967	4
1968	4
1969	4
1970	4
1971	4
1972	4
1973	4
1974	4
1975	2
1976	3
1977	2
1978	0
1979	0
1980	1
1981	3
1982	2
1983	1
1984	0
1985	0
1986	1
1987	2
1988	2
1989	4
1990	3
1991	4
1992	4
1993	4
1994	4
1995	4
1996	4
1997	4
1998	4
1999	2
2000	3
2001	2
2002	0
2003	0
2004	1
2005	3
2006	2
2007	1
2008	0
2009	0
2010	1
2011	2
2012	2
2013	4
2014	3
2015	4
2016	4
2017	4
2018	4
2019	4
2020	4
2021	4
2022	4
2023	2
2024	3
2025	2
2026	0
2027	0
2028	1
2029	3
2030	2
2031	1
2032	0
2033	0
2034	1
2035	2
2036	2
2037	4
2038	3
2039	4
2040	4
2041	4
2042	4
2043	4
2044	4
2045	4
2046	4
2047	2
2048	3
2049	2
2050	0
2051	0
2052	1
2053	3
2054	2
2055	1
2056	0
2057	0
2058	1
2059	2
2060	2
2061	4
2062	3
2063	4
2064	4
2065	4
2066	4
2067	4
2068	4
2069	4
2070	4
2071	2
2072	3
2073	2
2074	0
2075	0
2076	1
2077	3
2078	2
2079	1
2080	0
2081	0
2082	1
2083	2
2084	2
2085	4
2086	3
2087	4
2088	4
2089	4
2090	4
2091	4
2092	4
2093	4
2094	4
2095	2
2096	3
2097	2
2098	0
2099	0
2100	1
2101	3
2102	2
2103	1
2104	0
2105	0
2106	1
2107	2
2108	2
2109	4
2110	3
2111	4
2112	4
2113	4
2114	4
2115	4
2116	4
2117	4
2118	4
2119	2
2120	3
2121	2
2122	0
2123	0
2124	1
2125	3
2126	2
2127	1
2128	0
2129	0
2130	1
2131	2
2132	2
2133	4
2134	3
2135	4
2136	4
2137	4
2138	4
2139	4
2140	4
2141	4
2142	4
2143	2
2144	3
2145	2
2146	0
2147	0
2148	1
2149	3
2150	2
2151	1
2152	0
2153	0
2154	1
2155	2
2156	2
2157	4
2158	3
2159	4
2160	4
2161	4
2162	4
2163	4
2164	4
2165	4
2166	4
2167	2
2168	3
2169	2
2170	0
2171	0
2172	1
2173	3
2174	2
2175	1
2176	0
2177	0
2178	1
2179	2
2180	2
2181	4
2182	3
2183	4
2184	4
2185	4
2186	4
2187	4
2188	4
2189	4
2190	4
2191	2
2192	3
2193	2
2194	0
2195	0
2196	1
2197	3
2198	2
2199	1
2200	0
2201	0
2202	1
2203	2
2204	2
2205	4
2206	3
2207	4
2208	4
2209	4
2210	4
2211	4
2212	4
2213	4
2214	4
2215	2
2216	3
2217	2
2218	0
2219	0
2220	1
2221	3
2222	2
2223	1
2224	0
2225	0
2226	1
2227	2
2228	2
2229	4
2230	3
2231	4
2232	4
2233	4
2234	4
2235	4
2236	4
2237	4
2238	4
2239	2
2240	3
2241	2
2242	0
2243	0
2244	1
2245	3
2246	2
2247	1
2248	0
2249	0
2250	1
2251	2
2252	2
2253	4
2254	3
2255	4
2256	4
2257	4
2258	4
2259	4
2260	4
2261	4
2262	4
2263	2
2264	3
2265	2
2266	0
2267	0
2268	1
2269	3
2270	2
2271	1
2272	0
2273	0
2274	1
2275	2
2276	2
2277	4
2278	3
2279	4
2280	4
2281	4
2282	4
2283	4
2284	4
2285	4
2286	4
2287	2
2288	3
2289	2
2290	0
2291	0
2292	1
2293	3
2294	2
2295	1
2296	0
2297	0
2298	1
2299	2
2300	2
2301	4
2302	3
2303	4
2304	4
2305	4
2306	4
2307	4
2308	4
2309	4
2310	4
2311	2
2312	3
2313	2
2314	0
2315	0
2316	1
2317	3
2318	2
2319	1
2320	0
2321	0
2322	1
2323	2
2324	2
2325	4
2326	3
2327	4
2328	4
2329	4
2330	4
2331	4
2332	4
2333	4
2334	4
2335	2
2336	3
2337	2
2338	0
2339	0
2340	1
2341	3
2342	2
2343	1
2344	0
2345	0
2346	1
2347	2
2348	2
2349	4
2350	3
2351	4
2352	4
2353	4
2354	4
2355	4
2356	4
2357	4
2358	4
2359	2
2360	3
2361	2
2362	0
2363	0
2364	1
2365	3
2366	2
2367	1
2368	0
2369	0
2370	1
2371	2
2372	2
2373	4
2374	3
2375	4
2376	4
2377	4
2378	4
2379	4
2380	4
2381	4
2382	4
2383	2
2384	3
2385	2
2386	0
2387	0
2388	1
2389	3
2390	2
2391	1
2392	0
2393	0
2394	1
2395	2
2396	2
2397	4
2398	3
2399	4
2400	4
2401	4
2402	4
2403	4
2404	4
2405	4
2406	4
2407	2
2408	3
2409	2
2410	0
2411	0
2412	1
2413	3
2414	2
2415	1
2416	0
2417	0
2418	1
2419	2
2420	2
2421	4
2422	3
2423	4
2424	4
2425	4
2426	4
2427	4
2428	4
2429	4
2430	4
2431	2
2432	3
2433	2
2434	0
2435	0
2436	1
2437	3
2438	2
2439	1
2440	0
2441	0
2442	1
2443	2
2444	2
2445	4
2446	3
2447	4
2448	4
2449	4
2450	4
2451	4
2452	4
2453	4
2454	4
2455	2
2456	3
2457	2
2458	0
2459	0
2460	1
2461	3
2462	2
2463	1
2464	0
2465	0
2466	1
2467	2
2468	2
2469	4
2470	3
2471	4
2472	4
2473	4
2474	4
2475	4
2476	4
2477	4
2478	4
2479	2
2480	3
2481	2
2482	0
2483	0
2484	1
2485	3
2486	2
2487	1
2488	0
2489	0
2490	1
2491	2
2492	2
2493	4
2494	3
2495	4
2496	4
2497	4
2498	4
2499	4
2500	4
2501	4
2502	4
2503	2
2504	3
2505	2
2506	0
2507	0
2508	1
2509	3
2510	2
2511	1
2512	0
2513	0
2514	1
2515	2
2516	2
2517	4
2518	3
2519	4
2520	4
2521	4
2522	4
2523	4
2524	4
2525	4
2526	4
2527	2
2528	3
2529	2
2530	0
2531	0
2532	1
2533	3
2534	2
2535	1
2536	0
2537	0
2538	1
2539	2
2540	2
2541	4
2542	3
2543	4
2544	4
2545	4
2546	4
2547	4
2548	4
2549	4
2550	4
2551	2
2552	3
2553	2
2554	0
2555	0
2556	1
2557	3
2558	2
2559	1
2560	0
2561	0
2562	1
2563	2
2564	2
2565	4
2566	3
2567	4
2568	4
2569	4
2570	4
2571	4
2572	4
2573	4
2574	4
2575	2
2576	3
2577	2
2578	0
2579	0
2580	1
2581	3
2582	2
2583	1
2584	0
2585	0
2586	1
2587	2
2588	2
2589	4
2590	3
2591	4
2592	4
2593	4
2594	4
2595	4
2596	4
2597	4
2598	4
2599	2
2600	3
2601	2
2602	0
2603	0
2604	1
2605	3
2606	2
2607	1
2608	0
2609	0
2610	1
2611	2
2612	2
2613	4
2614	3
2615	4
2616	4
2617	4
2618	4
2619	4
2620	4
2621	4
2622	4
2623	2
2624	3
2625	2
2626	0
2627	0
2628	1
2629	3
2630	2
2631	1
2632	0
2633	0
2634	1
2635	2
2636	2
2637	4
2638	3
2639	4
2640	4
2641	4
2642	4
2643	4
2644	4
2645	4
2646	4
2647	2
2648	3
2649	2
2650	0
2651	0
2652	1
2653	3
2654	2
2655	1
2656	0
2657	0
2658	1
2659	2
2660	2
2661	4
2662	3
2663	4
2664	4
2665	4
2666	4
2667	4
2668	4
2669	4
2670	4
2671	2
2672	3
2673	2
2674	0
2675	0
2676	1
2677	3
2678	2
2679	1
2680	0
2681	0
2682	1
2683	2
2684	2
2685	4
2686	3
2687	4
2688	4
2689	4
2690	4
2691	4
2692	4
2693	4
2694	4
2695	2
2696	3
2697	2
2698	0
2699	0
2700	1
2701	3
2702	2
2703	1
2704	0
2705	0
2706	1
2707	2
2708	2
2709	4
2710	3
2711	4
2712	4
2713	4
2714	4
2715	4
2716	4
2717	4
2718	4
2719	2
2720	3
2721	2
2722	0
2723	0
2724	1
2725	3
2726	2
2727	1
2728	0
2729	0
2730	1
2731	2
2732	2
2733	4
2734	3
2735	4
2736	4
2737	4
2738	4
2739	4
2740	4
2741	4
2742	4
2743	2
2744	3
2745	2
2746	0
2747	0
2748	1
2749	3
2750	2
2751	1
2752	0
2753	0
2754	1
2755	2
2756	2
2757	4
2758	3
2759	4
2760	4
2761	4
2762	4
2763	4
2764	4
2765	4
2766	4
2767	2
2768	3
2769	2
2770	0
2771	0
2772	1
2773	3
2774	2
2775	1
2776	0
2777	0
2778	1
2779	2
2780	2
2781	4
2782	3
2783	4
2784	4
2785	4
2786	4
2787	4
2788	4
2789	4
2790	4
2791	2
2792	3
2793	2
2794	0
2795	0
2796	1
2797	3
2798	2
2799	1
2800	0
2801	0
2802	1
2803	2
2804	2
2805	4
2806	3
2807	4
2808	4
2809	4
2810	4
2811	4
2812	4
2813	4
2814	4
2815	2
2816	3
2817	2
2818	0
2819	0
2820	1
2821	3
2822	2
2823	1
2824	0
2825	0
2826	1
2827	2
2828	2
2829	4
2830	3
2831	4
2832	4
2833	4
2834	4
2835	4
2836	4
2837	4
2838	4
2839	2
2840	3
2841	2
2842	0
2843	0
2844	1
2845	3
2846	2
2847	1
2848	0
2849	0
2850	1
2851	2
2852	2
2853	4
2854	3
2855	4
2856	4
2857	4
2858	4
2859	4
2860	4
2861	4
2862	4
2863	2
2864	3
2865	2
2866	0
2867	0
2868	1
2869	3
2870	2
2871	1
2872	0
2873	0
2874	1
2875	2
2876	2
2877	4
2878	3
2879	4
2880	4
2881	4
2882	4
2883	4
2884	4
2885	4
2886	4
2887	2
2888	3
2889	2
2890	0
2891	0
2892	1
2893	3
2894	2
2895	1
2896	0
2897	0
2898	1
2899	2
2900	2
2901	4
2902	3
2903	4
2904	4
2905	4
2906	4
2907	4
2908	4
2909	4
2910	4
2911	2
2912	3
2913	2
2914	0
2915	0
2916	1
2917	3
2918	2
2919	1
2920	0
2921	0
2922	1
2923	2
2924	2
2925	4
2926	3
2927	4
2928	4
2929	4
2930	4
2931	4
2932	4
2933	4
2934	4
2935	2
2936	3
2937	2
2938	0
2939	0
2940	1
2941	3
2942	2
2943	1
2944	0
2945	0
2946	1
2947	2
2948	2
2949	4
2950	3
2951	4
2952	4
2953	4
2954	4
2955	4
2956	4
2957	4
2958	4
2959	2
2960	3
2961	2
2962	0
2963	0
2964	1
2965	3
2966	2
2967	1
2968	0
2969	0
2970	1
2971	2
2972	2
2973	4
2974	3
2975	4
2976	4
2977	4
2978	4
2979	4
2980	4
2981	4
2982	4
2983	2
2984	3
2985	2
2986	0
2987	0
2988	1
2989	3
2990	2
2991	1
2992	0
2993	0
2994	1
2995	2
2996	2
2997	4
2998	3
2999	4
3000	4
3001	4
3002	4
3003	4
3004	4
3005	4
3006	4
3007	2
3008	3
3009	2
3010	0
3011	0
3012	1
3013	3
3014	2
3015	1
3016	0
3017	0
3018	1
3019	2
3020	2
3021	4
3022	3
3023	4
3024	4
3025	4
3026	4
3027	4
3028	4
3029	4
3030	4
3031	2
3032	3
3033	2
3034	0
3035	0
3036	1
3037	3
3038	2
3039	1
3040	0
3041	0
3042	1
3043	2
3044	2
3045	4
3046	3
3047	4
3048	4
3049	4
3050	4
3051	4
3052	4
3053	4
3054	4
3055	2
3056	3
3057	2
3058	0
3059	0
3060	1
3061	3
3062	2
3063	1
3064	0
3065	0
3066	1
3067	2
3068	2
3069	4
3070	3
3071	4
3072	4
3073	4
3074	4
3075	4
3076	4
3077	4
3078	4
3079	2
3080	3
3081	2
3082	0
3083	0
3084	1
3085	3
3086	2
3087	1
3088	0
3089	0
3090	1
3091	2
3092	2
3093	4
3094	3
3095	4
3096	4
3097	4
3098	4
3099	4
3100	4
3101	4
3102	4
3103	2
3104	3
3105	2
3106	0
3107	0
3108	1
3109	3
3110	2
3111	1
3112	0
3113	0
3114	1
3115	2
3116	2
3117	4
3118	3
3119	4
3120	4
3121	4
3122	4
3123	4
3124	4
3125	4
3126	4
3127	2
3128	3
3129	2
3130	0
3131	0
3132	1
3133	3
3134	2
3135	1
3136	0
3137	0
3138	1
3139	2
3140	2
3141	4
3142	3
3143	4
3144	4
3145	4
3146	4
3147	4
3148	4
3149	4
3150	4
3151	2
3152	3
3153	2
3154	0
3155	0
3156	1
3157	3
3158	2
3159	1
3160	0
3161	0
3162	1
3163	2
3164	2
3165	4
3166	3
3167	4
3168	4
3169	4
3170	4
3171	4
3172	4
3173	4
3174	4
3175	2
3176	3
3177	2
3178	0
3179	0
3180	1
3181	3
3182	2
3183	1
3184	0
3185	0
3186	1
3187	2
3188	2
3189	4
3190	3
3191	4
3192	4
3193	4
3194	4
3195	4
3196	4
3197	4
3198	4
3199	2
3200	3
3201	2
3202	0
3203	0
3204	1
3205	3
3206	2
3207	1
3208	0
3209	0
3210	1
3211	2
3212	2
3213	4
3214	3
3215	4
3216	4
3217	4
3218	4
3219	4
3220	4
3221	4
3222	4
3223	2
3224	3
3225	2
3226	0
3227	0
3228	1
3229	3
3230	2
3231	1
3232	0
3233	0
3234	1
3235	2
3236	2
3237	4
3238	3
3239	4
3240	4
3241	4
3242	4
3243	4
3244	4
3245	4
3246	4
3247	2
3248	3
3249	2
3250	0
3251	0
3252	1
3253	3
3254	2
3255	1
3256	0
3257	0
3258	1
3259	2
3260	2
3261	4
3262	3
3263	4
3264	4
3265	4
3266	4
3267	4
3268	4
3269	4
3270	4
3271	2
3272	3
3273	2
3274	0
3275	0
3276	1
3277	3
3278	2
3279	1
3280	0
3281	0
3282	1
3283	2
3284	2
3285	4
3286	3
3287	4
3288	4
3289	4
3290	4
3291	4
3292	4
3293	4
3294	4
3295	2
3296	3
3297	2
3298	0
3299	0
3300	1
3301	3
3302	2
3303	1
3304	0
3305	0
3306	1
3307	2
3308	2
3309	4
3310	3
3311	4
3312	4
3313	4
3314	4
3315	4
3316	4
3317	4
3318	4
3319	2
3320	3
3321	2
3322	0
3323	0
3324	1
3325	3
3326	2
3327	1
3328	0
3329	0
3330	1
3331	2
3332	2
3333	4
3334	3
3335	4
3336	4
3337	4
3338	4
3339	4
3340	4
3341	4
3342	4
3343	2
3344	3
3345	2
3346	0
3347	0
3348	1
3349	3
3350	2
3351	1
3352	0
3353	0
3354	1
3355	2
3356	2
3357	4
3358	3
3359	4
3360	4
3361	4
3362	4
3363	4
3364	4
3365	4
3366	4
3367	2
3368	3
3369	2
3370	0
3371	0
3372	1
3373	3
3374	2
3375	1
3376	0
3377	0
3378	1
3379	2
3380	2
3381	4
3382	3
3383	4
3384	4
3385	4
3386	4
3387	4
3388	4
3389	4
3390	4
3391	2
3392	3
3393	2
3394	0
3395	0
3396	1
3397	3
3398	2
3399	1
3400	0
3401	0
3402	1
3403	2
3404	2
3405	4
3406	3
3407	4
3408	4
3409	4
3410	4
3411	4
3412	4
3413	4
3414	4
3415	2
3416	3
3417	2
3418	0
3419	0
3420	1
3421	3
3422	2
3423	1
3424	0
3425	0
3426	1
3427	2
3428	2
3429	4
3430	3
3431	4
3432	4
3433	4
3434	4
3435	4
3436	4
3437	4
3438	4
3439	2
3440	3
3441	2
3442	0
3443	0
3444	1
3445	3
3446	2
3447	1
3448	0
3449	0
3450	1
3451	2
3452	2
3453	4
3454	3
3455	4
3456	4
3457	4
3458	4
3459	4
3460	4
3461	4
3462	4
3463	2
3464	3
3465	2
3466	0
3467	0
3468	1
3469	3
3470	2
3471	1
3472	0
3473	0
3474	1
3475	2
3476	2
3477	4
3478	3
3479	4
3480	4
3481	4
3482	4
3483	4
3484	4
3485	4
3486	4
3487	2
3488	3
3489	2
3490	0
3491	0
3492	1
3493	3
3494	2
3495	1
3496	0
3497	0
3498	1
3499	2
3500	2
3501	4
3502	3
3503	4
3504	4
3505	4
3506	4
3507	4
3508	4
3509	4
3510	4
3511	2
3512	3
3513	2
3514	0
3515	0
3516	1
3517	3
3518	2
3519	1
3520	0
3521	0
3522	1
3523	2
3524	2
3525	4
3526	3
3527	4
3528	4
3529	4
3530	4
3531	4
3532	4
3533	4
3534	4
3535	2
3536	3
3537	2
3538	0
3539	0
3540	1
3541	3
3542	2
3543	1
3544	0
3545	0
3546	1
3547	2
3548	2
3549	4
3550	3
3551	4
3552	4
3553	4
3554	4
3555	4
3556	4
3557	4
3558	4
3559	2
3560	3
3561	2
3562	0
3563	0
3564	1
3565	3
3566	2
3567	1
3568	0
3569	0
3570	1
3571	2
3572	2
3573	4
3574	3
3575	4
3576	4
3577	4
3578	4
3579	4
3580	4
3581	4
3582	4
3583	2
3584	3
3585	2
3586	0
3587	0
3588	1
3589	3
3590	2
3591	1
3592	0
3593	0
3594	1
3595	2
3596	2
3597	4
3598	3
3599	4
3600	4
3601	4
3602	4
3603	4
3604	4
3605	4
3606	4
3607	2
3608	3
3609	2
3610	0
3611	0
3612	1
3613	3
3614	2
3615	1
3616	0
3617	0
3618	1
3619	2
3620	2
3621	4
3622	3
3623	4
3624	4
3625	4
3626	4
3627	4
3628	4
3629	4
3630	4
3631	2
3632	3
3633	2
3634	0
3635	0
3636	1
3637	3
3638	2
3639	1
3640	0
3641	0
3642	1
3643	2
3644	2
3645	4
3646	3
3647	4
3648	4
3649	4
3650	4
3651	4
3652	4
3653	4
3654	4
3655	2
3656	3
3657	2
3658	0
3659	0
3660	1
3661	3
3662	2
3663	1
3664	0
3665	0
3666	1
3667	2
3668	2
3669	4
3670	3
3671	4
3672	4
3673	4
3674	4
3675	4
3676	4
3677	4
3678	4
3679	2
3680	3
3681	2
3682	0
3683	0
3684	1
3685	3
3686	2
3687	1
3688	0
3689	0
3690	1
3691	2
3692	2
3693	4
3694	3
3695	4
3696	4
3697	4
3698	4
3699	4
3700	4
3701	4
3702	4
3703	2
3704	3
3705	2
3706	0
3707	0
3708	1
3709	3
3710	2
3711	1
3712	0
3713	0
3714	1
3715	2
3716	2
3717	4
3718	3
3719	4
3720	4
3721	4
3722	4
3723	4
3724	4
3725	4
3726	4
3727	2
3728	3
3729	2
3730	0
3731	0
3732	1
3733	3
3734	2
3735	1
3736	0
3737	0
3738	1
3739	2
3740	2
3741	4
3742	3
3743	4
3744	4
3745	4
3746	4
3747	4
3748	4
3749	4
3750	4
3751	2
3752	3
3753	2
3754	0
3755	0
3756	1
3757	3
3758	2
3759	1
3760	0
3761	0
3762	1
3763	2
3764	2
3765	4
3766	3
3767	4
3768	4
3769	4
3770	4
3771	4
3772	4
3773	4
3774	4
3775	2
3776	3
3777	2
3778	0
3779	0
3780	1
3781	3
3782	2
3783	1
3784	0
3785	0
3786	1
3787	2
3788	2
3789	4
3790	3
3791	4
3792	4
3793	4
3794	4
3795	4
3796	4
3797	4
3798	4
3799	2
3800	3
3801	2
3802	0
3803	0
3804	1
3805	3
3806	2
3807	1
3808	0
3809	0
3810	1
3811	2
3812	2
3813	4
3814	3
3815	4
3816	4
3817	4
3818	4
3819	4
3820	4
3821	4
3822	4
3823	2
3824	3
3825	2
3826	0
3827	0
3828	1
3829	3
3830	2
3831	1
3832	0
3833	0
3834	1
3835	2
3836	2
3837	4
3838	3
3839	4
3840	4
3841	4
3842	4
3843	4
3844	4
3845	4
3846	4
3847	2
3848	3
3849	2
3850	0
3851	0
3852	1
3853	3
3854	2
3855	1
3856	0
3857	0
3858	1
3859	2
3860	2
3861	4
3862	3
3863	4
3864	4
3865	4
3866	4
3867	4
3868	4
3869	4
3870	4
3871	2
3872	3
3873	2
3874	0
3875	0
3876	1
3877	3
3878	2
3879	1
3880	0
3881	0
3882	1
3883	2
3884	2
3885	4
3886	3
3887	4
3888	4
3889	4
3890	4
3891	4
3892	4
3893	4
3894	4
3895	2
3896	3
3897	2
3898	0
3899	0
3900	1
3901	3
3902	2
3903	1
3904	0
3905	0
3906	1
3907	2
3908	2
3909	4
3910	3
3911	4
3912	4
3913	4
3914	4
3915	4
3916	4
3917	4
3918	4
3919	2
3920	3
3921	2
3922	0
3923	0
3924	1
3925	3
3926	2
3927	1
3928	0
3929	0
3930	1
3931	2
3932	2
3933	4
3934	3
3935	4
3936	4
3937	4
3938	4
3939	4
3940	4
3941	4
3942	4
3943	2
3944	3
3945	2
3946	0
3947	0
3948	1
3949	3
3950	2
3951	1
3952	0
3953	0
3954	1
3955	2
3956	2
3957	4
3958	3
3959	4
3960	4
3961	4
3962	4
3963	4
3964	4
3965	4
3966	4
3967	2
3968	3
3969	2
3970	0
3971	0
3972	1
3973	3
3974	2
3975	1
3976	0
3977	0
3978	1
3979	2
3980	2
3981	4
3982	3
3983	4
3984	4
3985	4
3986	4
3987	4
3988	4
3989	4
3990	4
3991	2
3992	3
3993	2
3994	0
3995	0
3996	1
3997	3
3998	2
3999	1
4000	0
4001	0
4002	1
4003	2
4004	2
4005	4
4006	3
4007	4
4008	4
4009	4
4010	4
4011	4
4012	4
4013	4
4014	4
4015	2
4016	3
4017	2
4018	0
4019	0
4020	1
4021	3
4022	2
4023	1
4024	0
4025	0
4026	1
4027	2
4028	2
4029	4
4030	3
4031	4
4032	4
4033	4
4034	4
4035	4
4036	4
4037	4
4038	4
4039	2
4040	3
4041	2
4042	0
4043	0
4044	1
4045	3
4046	2
4047	1
4048	0
4049	0
4050	1
4051	2
4052	2
4053	4
4054	3
4055	4
4056	4
4057	4
4058	4
4059	4
4060	4
4061	4
4062	4
4063	2
4064	3
4065	2
4066	0
4067	0
4068	1
4069	3
4070	2
4071	1
4072	0
4073	0
4074	1
4075	2
4076	2
4077	4
4078	3
4079	4
4080	4
4081	4
4082	4
4083	4
4084	4
4085	4
4086	4
4087	2
4088	3
4089	2
4090	0
4091	0
4092	1
4093	3
4094	2
4095	1
4096	0
4097	0
4098	1
4099	2
4100	2
4101	4
4102	3
4103	4
4104	4
4105	4
4106	4
4107	4
4108	4
4109	4
4110	4
4111	2
4112	3
4113	2
4114	0
4115	0
4116	1
4117	3
4118	2
4119	1
4120	0
4121	0
4122	1
4123	2
4124	2
4125	4
4126	3
4127	4
4128	4
4129	4
4130	4
4131	4
4132	4
4133	4
4134	4
4135	2
4136	3
4137	2
4138	0
4139	0
4140	1
4141	3
4142	2
4143	1
4144	0
4145	0
4146	1
4147	2
4148	2
4149	4
4150	3
4151	4
4152	4
4153	4
4154	4
4155	4
4156	4
4157	4
4158	4
4159	2
4160	3
4161	2
4162	0
4163	0
4164	1
4165	3
4166	2
4167	1
4168	0
4169	0
4170	1
4171	2
4172	2
4173	4
4174	3
4175	4
4176	4
4177	4
4178	4
4179	4
4180	4
4181	4
4182	4
4183	2
4184	3
4185	2
4186	0
4187	0
4188	1
4189	3
4190	2
4191	1
4192	0
4193	0
4194	1
4195	2
4196	2
4197	4
4198	3
4199	4
4200	4
4201	4
4202	4
4203	4
4204	4
4205	4
4206	4
4207	2
4208	3
4209	2
4210	0
4211	0
4212	1
4213	3
4214	2
4215	1
4216	0
4217	0
4218	1
4219	2
4220	2
4221	4
4222	3
4223	4
4224	4
4225	4
4226	4
4227	4
4228	4
4229	4
4230	4
4231	2
4232	3
4233	2
4234	0
4235	0
4236	1
4237	3
4238	2
4239	1
4240	0
4241	0
4242	1
4243	2
4244	2
4245	4
4246	3
4247	4
4248	4
4249	4
4250	4
4251	4
4252	4
4253	4
4254	4
4255	2
4256	3
4257	2
4258	0
4259	0
4260	1
4261	3
4262	2
4263	1
4264	0
4265	0
4266	1
4267	2
4268	2
4269	4
4270	3
4271	4
4272	4
4273	4
4274	4
4275	4
4276	4
4277	4
4278	4
4279	2
4280	3
4281	2
4282	0
4283	0
4284	1
4285	3
4286	2
4287	1
4288	0
4289	0
4290	1
4291	2
4292	2
4293	4
4294	3
4295	4
4296	4
4297	4
4298	4
4299	4
4300	4
4301	4
4302	4
4303	2
4304	3
4305	2
4306	0
4307	0
4308	1
4309	3
4310	2
4311	1
4312	0
4313	0
4314	1
4315	2
4316	2
4317	4
4318	3
4319	4
4320	4
4321	4
4322	4
4323	4
4324	4
4325	4
4326	4
4327	2
4328	3
4329	2
4330	0
4331	0
4332	1
4333	3
4334	2
4335	1
4336	0
4337	0
4338	1
4339	2
4340	2
4341	4
4342	3
4343	4
4344	4
4345	4
4346	4
4347	4
4348	4
4349	4
4350	4
4351	2
4352	3
4353	2
4354	0
4355	0
4356	1
4357	3
4358	2
4359	1
4360	0
4361	0
4362	1
4363	2
4364	2
4365	4
4366	3
4367	4
4368	4
4369	4
4370	4
4371	4
4372	4
4373	4
4374	4
4375	2
4376	3
4377	2
4378	0
4379	0
4380	1
4381	3
4382	2
4383	1
4384	0
4385	0
4386	1
4387	2
4388	2
4389	4
4390	3
4391	4
4392	4
4393	4
4394	4
4395	4
4396	4
4397	4
4398	4
4399	2
4400	3
4401	2
4402	0
4403	0
4404	1
4405	3
4406	2
4407	1
4408	0
4409	0
4410	1
4411	2
4412	2
4413	4
4414	3
4415	4
4416	4
4417	4
4418	4
4419	4
4420	4
4421	4
4422	4
4423	2
4424	3
4425	2
4426	0
4427	0
4428	1
4429	3
4430	2
4431	1
4432	0
4433	0
4434	1
4435	2
4436	2
4437	4
4438	3
4439	4
4440	4
4441	4
4442	4
4443	4
4444	4
4445	4
4446	4
4447	2
4448	3
4449	2
4450	0
4451	0
4452	1
4453	3
4454	2
4455	1
4456	0
4457	0
4458	1
4459	2
4460	2
4461	4
4462	3
4463	4
4464	4
4465	4
4466	4
4467	4
4468	4
4469	4
4470	4
4471	2
4472	3
4473	2
4474	0
4475	0
4476	1
4477	3
4478	2
4479	1
4480	0
4481	0
4482	1
4483	2
4484	2
4485	4
4486	3
4487	4
4488	4
4489	4
4490	4
4491	4
4492	4
4493	4
4494	4
4495	2
4496	3
4497	2
4498	0
4499	0
4500	1
4501	3
4502	2
4503	1
4504	0
4505	0
4506	1
4507	2
4508	2
4509	4
4510	3
4511	4
4512	4
4513	4
4514	4
4515	4
4516	4
4517	4
4518	4
4519	2
4520	3
4521	2
4522	0
4523	0
4524	1
4525	3
4526	2
4527	1
4528	0
4529	0
4530	1
4531	2
4532	2
4533	4
4534	3
4535	4
4536	4
4537	4
4538	4
4539	4
4540	4
4541	4
4542	4
4543	2
4544	3
4545	2
4546	0
4547	0
4548	1
4549	3
4550	2
4551	1
4552	0
4553	0
4554	1
4555	2
4556	2
4557	4
4558	3
4559	4
4560	4
4561	4
4562	4
4563	4
4564	4
4565	4
4566	4
4567	2
4568	3
4569	2
4570	0
4571	0
4572	1
4573	3
4574	2
4575	1
4576	0
4577	0
4578	1
4579	2
4580	2
4581	4
4582	3
4583	4
4584	4
4585	4
4586	4
4587	4
4588	4
4589	4
4590	4
4591	2
4592	3
4593	2
4594	0
4595	0
4596	1
4597	3
4598	2
4599	1
4600	0
4601	0
4602	1
4603	2
4604	2
4605	4
4606	3
4607	4
4608	4
4609	4
4610	4
4611	4
4612	4
4613	4
4614	4
4615	2
4616	3
4617	2
4618	0
4619	0
4620	1
4621	3
4622	2
4623	1
4624	0
4625	0
4626	1
4627	2
4628	2
4629	4
4630	3
4631	4
4632	4
4633	4
4634	4
4635	4
4636	4
4637	4
4638	4
4639	2
4640	3
4641	2
4642	0
4643	0
4644	1
4645	3
4646	2
4647	1
4648	0
4649	0
4650	1
4651	2
4652	2
4653	4
4654	3
4655	4
4656	4
4657	4
4658	4
4659	4
4660	4
4661	4
4662	4
4663	2
4664	3
4665	2
4666	0
4667	0
4668	1
4669	3
4670	2
4671	1
4672	0
4673	0
4674	1
4675	2
4676	2
4677	4
4678	3
4679	4
4680	4
4681	4
4682	4
4683	4
4684	4
4685	4
4686	4
4687	2
4688	3
4689	2
4690	0
4691	0
4692	1
4693	3
4694	2
4695	1
4696	0
4697	0
4698	1
4699	2
4700	2
4701	4
4702	3
4703	4
4704	4
4705	4
4706	4
4707	4
4708	4
4709	4
4710	4
4711	2
4712	3
4713	2
4714	0
4715	0
4716	1
4717	3
4718	2
4719	1
4720	0
4721	0
4722	1
4723	2
4724	2
4725	4
4726	3
4727	4
4728	4
4729	4
4730	4
4731	4
4732	4
4733	4
4734	4
4735	2
4736	3
4737	2
4738	0
4739	0
4740	1
4741	3
4742	2
4743	1
4744	0
4745	0
4746	1
4747	2
4748	2
4749	4
4750	3
4751	4
4752	4
4753	4
4754	4
4755	4
4756	4
4757	4
4758	4
4759	2
4760	3
4761	2
4762	0
4763	0
4764	1
4765	3
4766	2
4767	1
4768	0
4769	0
4770	1
4771	2
4772	2
4773	4
4774	3
4775	4
4776	4
4777	4
4778	4
4779	4
4780	4
4781	4
4782	4
4783	2
4784	3
4785	2
4786	0
4787	0
4788	1
4789	3
4790	2
4791	1
4792	0
4793	0
4794	1
4795	2
4796	2
4797	4
4798	3
4799	4
4800	4
4801	4
4802	4
4803	4
4804	4
4805	4
4806	4
4807	2
4808	3
4809	2
4810	0
4811	0
4812	1
4813	3
4814	2
4815	1
4816	0
4817	0
4818	1
4819	2
4820	2
4821	4
4822	3
4823	4
4824	4
4825	4
4826	4
4827	4
4828	4
4829	4
4830	4
4831	2
4832	3
4833	2
4834	0
4835	0
4836	1
4837	3
4838	2
4839	1
4840	0
4841	0
4842	1
4843	2
4844	2
4845	4
4846	3
4847	4
4848	4
4849	4
4850	4
4851	4
4852	4
4853	4
4854	4
4855	2
4856	3
4857	2
4858	0
4859	0
4860	1
4861	3
4862	2
4863	1
4864	0
4865	0
4866	1
4867	2
4868	2
4869	4
4870	3
4871	4
4872	4
4873	4
4874	4
4875	4
4876	4
4877	4
4878	4
4879	2
4880	3
4881	2
4882	0
4883	0
4884	1
4885	3
4886	2
4887	1
4888	0
4889	0
4890	1
4891	2
4892	2
4893	4
4894	3
4895	4
4896	4
4897	4
4898	4
4899	4
4900	4
4901	4
4902	4
4903	2
4904	3
4905	2
4906	0
4907	0
4908	1
4909	3
4910	2
4911	1
4912	0
4913	0
4914	1
4915	2
4916	2
4917	4
4918	3
4919	4
4920	4
4921	4
4922	4
4923	4
4924	4
4925	4
4926	4
4927	2
4928	3
4929	2
4930	0
4931	0
4932	1
4933	3
4934	2
4935	1
4936	0
4937	0
4938	1
4939	2
4940	2
4941	4
4942	3
4943	4
4944	4
4945	4
4946	4
4947	4
4948	4
4949	4
4950	4
4951	2
4952	3
4953	2
4954	0
4955	0
4956	1
4957	3
4958	2
4959	1
4960	0
4961	0
4962	1
4963	2
4964	2
4965	4
4966	3
4967	4
4968	4
4969	4
4970	4
4971	4
4972	4
4973	4
4974	4
4975	2
4976	3
4977	2
4978	0
4979	0
4980	1
4981	3
4982	2
4983	1
4984	0
4985	0
4986	1
4987	2
4988	2
4989	4
4990	3
4991	4
4992	4
4993	4
4994	4
4995	4
4996	4
4997	4
4998	4
4999	2
5000	3
5001	2
5002	0
5003	0
5004	1
5005	3
5006	2
5007	1
5008	0
5009	0
5010	1
5011	2
5012	2
5013	4
5014	3
5015	4
5016	4
5017	4
5018	4
5019	4
5020	4
5021	4
5022	4
5023	2
5024	3
5025	2
5026	0
5027	0
5028	1
5029	3
5030	2
5031	1
5032	0
5033	0
5034	1
5035	2
5036	2
5037	4
5038	3
5039	4
5040	4
5041	4
5042	4
5043	4
5044	4
5045	4
5046	4
5047	2
5048	3
5049	2
5050	0
5051	0
5052	1
5053	3
5054	2
5055	1
5056	0
5057	0
5058	1
5059	2
5060	2
5061	4
5062	3
5063	4
5064	4
5065	4
5066	4
5067	4
5068	4
5069	4
5070	4
5071	2
5072	3
5073	2
5074	0
5075	0
5076	1
5077	3
5078	2
5079	1
5080	0
5081	0
5082	1
5083	2
5084	2
5085	4
5086	3
5087	4
5088	4
5089	4
5090	4
5091	4
5092	4
5093	4
5094	4
5095	2
5096	3
5097	2
5098	0
5099	0
5100	1
5101	3
5102	2
5103	1
5104	0
5105	0
5106	1
5107	2
5108	2
5109	4
5110	3
5111	4
5112	4
5113	4
5114	4
5115	4
5116	4
5117	4
5118	4
5119	2
5120	3
5121	2
5122	0
5123	0
5124	1
5125	3
5126	2
5127	1
5128	0
5129	0
5130	1
5131	2
5132	2
5133	4
5134	3
5135	4
5136	4
5137	4
5138	4
5139	4
5140	4
5141	4
5142	4
5143	2
5144	3
5145	2
5146	0
5147	0
5148	1
5149	3
5150	2
5151	1
5152	0
5153	0
5154	1
5155	2
5156	2
5157	4
5158	3
5159	4
5160	4
5161	4
5162	4
5163	4
5164	4
5165	4
5166	4
5167	2
5168	3
5169	2
5170	0
5171	0
5172	1
5173	3
5174	2
5175	1
5176	0
5177	0
5178	1
5179	2
5180	2
5181	4
5182	3
5183	4
5184	4
5185	4
5186	4
5187	4
5188	4
5189	4
5190	4
5191	2
5192	3
5193	2
5194	0
5195	0
5196	1
5197	3
5198	2
5199	1
5200	0
5201	0
5202	1
5203	2
5204	2
5205	4
5206	3
5207	4
5208	4
5209	4
5210	4
5211	4
5212	4
5213	4
5214	4
5215	2
5216	3
5217	2
5218	0
5219	0
5220	1
5221	3
5222	2
5223	1
5224	0
5225	0
5226	1
5227	2
5228	2
5229	4
5230	3
5231	4
5232	4
5233	4
5234	4
5235	4
5236	4
5237	4
5238	4
5239	2
5240	3
5241	2
5242	0
5243	0
5244	1
5245	3
5246	2
5247	1
5248	0
5249	0
5250	1
5251	2
5252	2
5253	4
5254	3
5255	4
5256	4
5257	4
5258	4
5259	4
5260	4
5261	4
5262	4
5263	2
5264	3
5265	2
5266	0
5267	0
5268	1
5269	3
5270	2
5271	1
5272	0
5273	0
5274	1
5275	2
5276	2
5277	4
5278	3
5279	4
5280	4
5281	4
5282	4
5283	4
5284	4
5285	4
5286	4
5287	2
5288	3
5289	2
5290	0
5291	0
5292	1
5293	3
5294	2
5295	1
5296	0
5297	0
5298	1
5299	2
5300	2
5301	4
5302	3
5303	4
5304	4
5305	4
5306	4
5307	4
5308	4
5309	4
5310	4
5311	2
5312	3
5313	2
5314	0
5315	0
5316	1
5317	3
5318	2
5319	1
5320	0
5321	0
5322	1
5323	2
5324	2
5325	4
5326	3
5327	4
5328	4
5329	4
5330	4
5331	4
5332	4
5333	4
5334	4
5335	2
5336	3
5337	2
5338	0
5339	0
5340	1
5341	3
5342	2
5343	1
5344	0
5345	0
5346	1
5347	2
5348	2
5349	4
5350	3
5351	4
5352	4
5353	4
5354	4
5355	4
5356	4
5357	4
5358	4
5359	2
5360	3
5361	2
5362	0
5363	0
5364	1
5365	3
5366	2
5367	1
5368	0
5369	0
5370	1
5371	2
5372	2
5373	4
5374	3
5375	4
5376	4
5377	4
5378	4
5379	4
5380	4
5381	4
5382	4
5383	2
5384	3
5385	2
5386	0
5387	0
5388	1
5389	3
5390	2
5391	1
5392	0
5393	0
5394	1
5395	2
5396	2
5397	4
5398	3
5399	4
5400	4
5401	4
5402	4
5403	4
5404	4
5405	4
5406	4
5407	2
5408	3
5409	2
5410	0
5411	0
5412	1
5413	3
5414	2
5415	1
5416	0
5417	0
5418	1
5419	2
5420	2
5421	4
5422	3
5423	4
5424	4
5425	4
5426	4
5427	4
5428	4
5429	4
5430	4
5431	2
5432	3
5433	2
5434	0
5435	0
5436	1
5437	3
5438	2
5439	1
5440	0
5441	0
5442	1
5443	2
5444	2
5445	4
5446	3
5447	4
5448	4
5449	4
5450	4
5451	4
5452	4
5453	4
5454	4
5455	2
5456	3
5457	2
5458	0
5459	0
5460	1
5461	3
5462	2
5463	1
5464	0
5465	0
5466	1
5467	2
5468	2
5469	4
5470	3
5471	4
5472	4
5473	4
5474	4
5475	4
5476	4
5477	4
5478	4
5479	2
5480	3
5481	2
5482	0
5483	0
5484	1
5485	3
5486	2
5487	1
5488	0
5489	0
5490	1
5491	2
5492	2
5493	4
5494	3
5495	4
5496	4
5497	4
5498	4
5499	4
5500	4
5501	4
5502	4
5503	2
5504	3
5505	2
5506	0
5507	0
5508	1
5509	3
5510	2
5511	1
5512	0
5513	0
5514	1
5515	2
5516	2
5517	4
5518	3
5519	4
5520	4
5521	4
5522	4
5523	4
5524	4
5525	4
5526	4
5527	2
5528	3
5529	2
5530	0
5531	0
5532	1
5533	3
5534	2
5535	1
5536	0
5537	0
5538	1
5539	2
5540	2
5541	4
5542	3
5543	4
5544	4
5545	4
5546	4
5547	4
5548	4
5549	4
5550	4
5551	2
5552	3
5553	2
5554	0
5555	0
5556	1
5557	3
5558	2
5559	1
5560	0
5561	0
5562	1
5563	2
5564	2
5565	4
5566	3
5567	4
5568	4
5569	4
5570	4
5571	4
5572	4
5573	4
5574	4
5575	2
5576	3
5577	2
5578	0
5579	0
5580	1
5581	3
5582	2
5583	1
5584	0
5585	0
5586	1
5587	2
5588	2
5589	4
5590	3
5591	4
5592	4
5593	4
5594	4
5595	4
5596	4
5597	4
5598	4
5599	2
5600	3
5601	2
5602	0
5603	0
5604	1
5605	3
5606	2
5607	1
5608	0
5609	0
5610	1
5611	2
5612	2
5613	4
5614	3
5615	4
5616	4
5617	4
5618	4
5619	4
5620	4
5621	4
5622	4
5623	2
5624	3
5625	2
5626	0
5627	0
5628	1
5629	3
5630	2
5631	1
5632	0
5633	0
5634	1
5635	2
5636	2
5637	4
5638	3
5639	4
5640	4
5641	4
5642	4
5643	4
5644	4
5645	4
5646	4
5647	2
5648	3
5649	2
5650	0
5651	0
5652	1
5653	3
5654	2
5655	1
5656	0
5657	0
5658	1
5659	2
5660	2
5661	4
5662	3
5663	4
5664	4
5665	4
5666	4
5667	4
5668	4
5669	4
5670	4
5671	2
5672	3
5673	2
5674	0
5675	0
5676	1
5677	3
5678	2
5679	1
5680	0
5681	0
5682	1
5683	2
5684	2
5685	4
5686	3
5687	4
5688	4
5689	4
5690	4
5691	4
5692	4
5693	4
5694	4
5695	2
5696	3
5697	2
5698	0
5699	0
5700	1
5701	3
5702	2
5703	1
5704	0
5705	0
5706	1
5707	2
5708	2
5709	4
5710	3
5711	4
5712	4
5713	4
5714	4
5715	4
5716	4
5717	4
5718	4
5719	2
5720	3
5721	2
5722	0
5723	0
5724	1
5725	3
5726	2
5727	1
5728	0
5729	0
5730	1
5731	2
5732	2
5733	4
5734	3
5735	4
5736	4
5737	4
5738	4
5739	4
5740	4
5741	4
5742	4
5743	2
5744	3
5745	2
5746	0
5747	0
5748	1
5749	3
5750	2
5751	1
5752	0
5753	0
5754	1
5755	2
5756	2
5757	4
5758	3
5759	4
5760	4
5761	4
5762	4
5763	4
5764	4
5765	4
5766	4
5767	2
5768	3
5769	2
5770	0
5771	0
5772	1
5773	3
5774	2
5775	1
5776	0
5777	0
5778	1
5779	2
5780	2
5781	4
5782	3
5783	4
5784	4
5785	4
5786	4
5787	4
5788	4
5789	4
5790	4
5791	2
5792	3
5793	2
5794	0
5795	0
5796	1
5797	3
5798	2
5799	1
5800	0
5801	0
5802	1
5803	2
5804	2
5805	4
5806	3
5807	4
5808	4
5809	4
5810	4
5811	4
5812	4
5813	4
5814	4
5815	2
5816	3
5817	2
5818	0
5819	0
5820	1
5821	3
5822	2
5823	1
5824	0
5825	0
5826	1
5827	2
5828	2
5829	4
5830	3
5831	4
5832	4
5833	4
5834	4
5835	4
5836	4
5837	4
5838	4
5839	2
5840	3
5841	2
5842	0
5843	0
5844	1
5845	3
5846	2
5847	1
5848	0
5849	0
5850	1
5851	2
5852	2
5853	4
5854	3
5855	4
5856	4
5857	4
5858	4
5859	4
5860	4
5861	4
5862	4
5863	2
5864	3
5865	2
5866	0
5867	0
5868	1
5869	3
5870	2
5871	1
5872	0
5873	0
5874	1
5875	2
5876	2
5877	4
5878	3
5879	4
5880	4
5881	4
5882	4
5883	4
5884	4
5885	4
5886	4
5887	2
5888	3
5889	2
5890	0
5891	0
5892	1
5893	3
5894	2
5895	1
5896	0
5897	0
5898	1
5899	2
5900	2
5901	4
5902	3
5903	4
5904	4
5905	4
5906	4
5907	4
5908	4
5909	4
5910	4
5911	2
5912	3
5913	2
5914	0
5915	0
5916	1
5917	3
5918	2
5919	1
5920	0
5921	0
5922	1
5923	2
5924	2
5925	4
5926	3
5927	4
5928	4
5929	4
5930	4
5931	4
5932	4
5933	4
5934	4
5935	2
5936	3
5937	2
5938	0
5939	0
5940	1
5941	3
5942	2
5943	1
5944	0
5945	0
5946	1
5947	2
5948	2
5949	4
5950	3
5951	4
5952	4
5953	4
5954	4
5955	4
5956	4
5957	4
5958	4
5959	2
5960	3
5961	2
5962	0
5963	0
5964	1
5965	3
5966	2
5967	1
5968	0
5969	0
5970	1
5971	2
5972	2
5973	4
5974	3
5975	4
5976	4
5977	4
5978	4
5979	4
5980	4
5981	4
5982	4
5983	2
5984	3
5985	2
5986	0
5987	0
5988	1
5989	3
5990	2
5991	1
5992	0
5993	0
5994	1
5995	2
5996	2
5997	4
5998	3
5999	4
6000	4
6001	4
6002	4
6003	4
6004	4
6005	4
6006	4
6007	2
6008	3
6009	2
6010	0
6011	0
6012	1
6013	3
6014	2
6015	1
6016	0
6017	0
6018	1
6019	2
6020	2
6021	4
6022	3
6023	4
6024	4
6025	4
6026	4
6027	4
6028	4
6029	4
6030	4
6031	2
6032	3
6033	2
6034	0
6035	0
6036	1
6037	3
6038	2
6039	1
6040	0
6041	0
6042	1
6043	2
6044	2
6045	4
6046	3
6047	4
6048	4
6049	4
6050	4
6051	4
6052	4
6053	4
6054	4
6055	2
6056	3
6057	2
6058	0
6059	0
6060	1
6061	3
6062	2
6063	1
6064	0
6065	0
6066	1
6067	2
6068	2
6069	4
6070	3
6071	4
6072	4
6073	4
6074	4
6075	4
6076	4
6077	4
6078	4
6079	2
6080	3
6081	2
6082	0
6083	0
6084	1
6085	3
6086	2
6087	1
6088	0
6089	0
6090	1
6091	2
6092	2
6093	4
6094	3
6095	4
6096	4
6097	4
6098	4
6099	4
6100	4
6101	4
6102	4
6103	2
6104	3
6105	2
6106	0
6107	0
6108	1
6109	3
6110	2
6111	1
6112	0
6113	0
6114	1
6115	2
6116	2
6117	4
6118	3
6119	4
6120	4
6121	4
6122	4
6123	4
6124	4
6125	4
6126	4
6127	2
6128	3
6129	2
6130	0
6131	0
6132	1
6133	3
6134	2
6135	1
6136	0
6137	0
6138	1
6139	2
6140	2
6141	4
6142	3
6143	4
6144	4
6145	4
6146	4
6147	4
6148	4
6149	4
6150	4
6151	2
6152	3
6153	2
6154	0
6155	0
6156	1
6157	3
6158	2
6159	1
6160	0
6161	0
6162	1
6163	2
6164	2
6165	4
6166	3
6167	4
6168	4
6169	4
6170	4
6171	4
6172	4
6173	4
6174	4
6175	2
6176	3
6177	2
6178	0
6179	0
6180	1
6181	3
6182	2
6183	1
6184	0
6185	0
6186	1
6187	2
6188	2
6189	4
6190	3
6191	4
6192	4
6193	4
6194	4
6195	4
6196	4
6197	4
6198	4
6199	2
6200	3
6201	2
6202	0
6203	0
6204	1
6205	3
6206	2
6207	1
6208	0
6209	0
6210	1
6211	2
6212	2
6213	4
6214	3
6215	4
6216	4
6217	4
6218	4
6219	4
6220	4
6221	4
6222	4
6223	2
6224	3
6225	2
6226	0
6227	0
6228	1
6229	3
6230	2
6231	1
6232	0
6233	0
6234	1
6235	2
6236	2
6237	4
6238	3
6239	4
6240	4
6241	4
6242	4
6243	4
6244	4
6245	4
6246	4
6247	2
6248	3
6249	2
6250	0
6251	0
6252	1
6253	3
6254	2
6255	1
6256	0
6257	0
6258	1
6259	2
6260	2
6261	4
6262	3
6263	4
6264	4
6265	4
6266	4
6267	4
6268	4
6269	4
6270	4
6271	2
6272	3
6273	2
6274	0
6275	0
6276	1
6277	3
6278	2
6279	1
6280	0
6281	0
6282	1
6283	2
6284	2
6285	4
6286	3
6287	4
6288	4
6289	4
6290	4
6291	4
6292	4
6293	4
6294	4
6295	2
6296	3
6297	2
6298	0
6299	0
6300	1
6301	3
6302	2
6303	1
6304	0
6305	0
6306	1
6307	2
6308	2
6309	4
6310	3
6311	4
6312	4
6313	4
6314	4
6315	4
6316	4
6317	4
6318	4
6319	2
6320	3
6321	2
6322	0
6323	0
6324	1
6325	3
6326	2
6327	1
6328	0
6329	0
6330	1
6331	2
6332	2
6333	4
6334	3
6335	4
6336	4
6337	4
6338	4
6339	4
6340	4
6341	4
6342	4
6343	2
6344	3
6345	2
6346	0
6347	0
6348	1
6349	3
6350	2
6351	1
6352	0
6353	0
6354	1
6355	2
6356	2
6357	4
6358	3
6359	4
6360	4
6361	4
6362	4
6363	4
6364	4
6365	4
6366	4
6367	2
6368	3
6369	2
6370	0
6371	0
6372	1
6373	3
6374	2
6375	1
6376	0
6377	0
6378	1
6379	2
6380	2
6381	4
6382	3
6383	4
6384	4
6385	4
6386	4
6387	4
6388	4
6389	4
6390	4
6391	2
6392	3
6393	2
6394	0
6395	0
6396	1
6397	3
6398	2
6399	1
6400	0
6401	0
6402	1
6403	2
6404	2
6405	4
6406	3
6407	4
6408	4
6409	4
6410	4
6411	4
6412	4
6413	4
6414	4
6415	2
6416	3
6417	2
6418	0
6419	0
6420	1
6421	3
6422	2
6423	1
6424	0
6425	0
6426	1
6427	2
6428	2
6429	4
6430	3
6431	4
6432	4
6433	4
6434	4
6435	4
6436	4
6437	4
6438	4
6439	2
6440	3
6441	2
6442	0
6443	0
6444	1
6445	3
6446	2
6447	1
6448	0
6449	0
6450	1
6451	2
6452	2
6453	4
6454	3
6455	4
6456	4
6457	4
6458	4
6459	4
6460	4
6461	4
6462	4
6463	2
6464	3
6465	2
6466	0
6467	0
6468	1
6469	3
6470	2
6471	1
6472	0
6473	0
6474	1
6475	2
6476	2
6477	4
6478	3
6479	4
6480	4
6481	4
6482	4
6483	4
6484	4
6485	4
6486	4
6487	2
6488	3
6489	2
6490	0
6491	0
6492	1
6493	3
6494	2
6495	1
6496	0
6497	0
6498	1
6499	2
6500	2
6501	4
6502	3
6503	4
6504	4
6505	4
6506	4
6507	4
6508	4
6509	4
6510	4
6511	2
6512	3
6513	2
6514	0
6515	0
6516	1
6517	3
6518	2
6519	1
6520	0
6521	0
6522	1
6523	2
6524	2
6525	4
6526	3
6527	4
6528	4
6529	4
6530	4
6531	4
6532	4
6533	4
6534	4
6535	2
6536	3
6537	2
6538	0
6539	0
6540	1
6541	3
6542	2
6543	1
6544	0
6545	0
6546	1
6547	2
6548	2
6549	4
6550	3
6551	4
6552	4
6553	4
6554	4
6555	4
6556	4
6557	4
6558	4
6559	2
6560	3
6561	2
6562	0
6563	0
6564	1
6565	3
6566	2
6567	1
6568	0
6569	0
6570	1
6571	2
6572	2
6573	4
6574	3
6575	4
6576	4
6577	4
6578	4
6579	4
6580	4
6581	4
6582	4
6583	2
6584	3
6585	2
6586	0
6587	0
6588	1
6589	3
6590	2
6591	1
6592	0
6593	0
6594	1
6595	2
6596	2
6597	4
6598	3
6599	4
6600	4
6601	4
6602	4
6603	4
6604	4
6605	4
6606	4
6607	2
6608	3
6609	2
6610	0
6611	0
6612	1
6613	3
6614	2
6615	1
6616	0
6617	0
6618	1
6619	2
6620	2
6621	4
6622	3
6623	4
6624	4
6625	4
6626	4
6627	4
6628	4
6629	4
6630	4
6631	2
6632	3
6633	2
6634	0
6635	0
6636	1
6637	3
6638	2
6639	1
6640	0
6641	0
6642	1
6643	2
6644	2
6645	4
6646	3
6647	4
6648	4
6649	4
6650	4
6651	4
6652	4
6653	4
6654	4
6655	2
6656	3
6657	2
6658	0
6659	0
6660	1
6661	3
6662	2
6663	1
6664	0
6665	0
6666	1
6667	2
6668	2
6669	4
6670	3
6671	4
6672	4
6673	4
6674	4
6675	4
6676	4
6677	4
6678	4
6679	2
6680	3
6681	2
6682	0
6683	0
6684	1
6685	3
6686	2
6687	1
6688	0
6689	0
6690	1
6691	2
6692	2
6693	4
6694	3
6695	4
6696	4
6697	4
6698	4
6699	4
6700	4
6701	4
6702	4
6703	2
6704	3
6705	2
6706	0
6707	0
6708	1
6709	3
6710	2
6711	1
6712	0
6713	0
6714	1
6715	2
6716	2
6717	4
6718	3
6719	4
6720	4
6721	4
6722	4
6723	4
6724	4
6725	4
6726	4
6727	2
6728	3
6729	2
6730	0
6731	0
6732	1
6733	3
6734	2
6735	1
6736	0
6737	0
6738	1
6739	2
6740	2
6741	4
6742	3
6743	4
6744	4
6745	4
6746	4
6747	4
6748	4
6749	4
6750	4
6751	2
6752	3
6753	2
6754	0
6755	0
6756	1
6757	3
6758	2
6759	1
6760	0
6761	0
6762	1
6763	2
6764	2
6765	4
6766	3
6767	4
6768	4
6769	4
6770	4
6771	4
6772	4
6773	4
6774	4
6775	2
6776	3
6777	2
6778	0
6779	0
6780	1
6781	3
6782	2
6783	1
6784	0
6785	0
6786	1
6787	2
6788	2
6789	4
6790	3
6791	4
6792	4
6793	4
6794	4
6795	4
6796	4
6797	4
6798	4
6799	2
6800	3
6801	2
6802	0
6803	0
6804	1
6805	3
6806	2
6807	1
6808	0
6809	0
6810	1
6811	2
6812	2
6813	4
6814	3
6815	4
6816	4
6817	4
6818	4
6819	4
6820	4
6821	4
6822	4
6823	2
6824	3
6825	2
6826	0
6827	0
6828	1
6829	3
6830	2
6831	1
6832	0
6833	0
6834	1
6835	2
6836	2
6837	4
6838	3
6839	4
6840	4
6841	4
6842	4
6843	4
6844	4
6845	4
6846	4
6847	2
6848	3
6849	2
6850	0
6851	0
6852	1
6853	3
6854	2
6855	1
6856	0
6857	0
6858	1
6859	2
6860	2
6861	4
6862	3
6863	4
6864	4
6865	4
6866	4
6867	4
6868	4
6869	4
6870	4
6871	2
6872	3
6873	2
6874	0
6875	0
6876	1
6877	3
6878	2
6879	1
6880	0
6881	0
6882	1
6883	2
6884	2
6885	4
6886	3
6887	4
6888	4
6889	4
6890	4
6891	4
6892	4
6893	4
6894	4
6895	2
6896	3
6897	2
6898	0
6899	0
6900	1
6901	3
6902	2
6903	1
6904	0
6905	0
6906	1
6907	2
6908	2
6909	4
6910	3
6911	4
6912	4
6913	4
6914	4
6915	4
6916	4
6917	4
6918	4
6919	2
6920	3
6921	2
6922	0
6923	0
6924	1
6925	3
6926	2
6927	1
6928	0
6929	0
6930	1
6931	2
6932	2
6933	4
6934	3
6935	4
6936	4
6937	4
6938	4
6939	4
6940	4
6941	4
6942	4
6943	2
6944	3
6945	2
6946	0
6947	0
6948	1
6949	3
6950	2
6951	1
6952	0
6953	0
6954	1
6955	2
6956	2
6957	4
6958	3
6959	4
6960	4
6961	4
6962	4
6963	4
6964	4
6965	4
6966	4
6967	2
6968	3
6969	2
6970	0
6971	0
6972	1
6973	3
6974	2
6975	1
6976	0
6977	0
6978	1
6979	2
6980	2
6981	4
6982	3
6983	4
6984	4
6985	4
6986	4
6987	4
6988	4
6989	4
6990	4
6991	2
6992	3
6993	2
6994	0
6995	0
6996	1
6997	3
6998	2
6999	1
7000	0
7001	0
7002	1
7003	2
7004	2
7005	4
7006	3
7007	4
7008	4
7009	4
7010	4
7011	4
7012	4
7013	4
7014	4
7015	2
7016	3
7017	2
7018	0
7019	0
7020	1
7021	3
7022	2
7023	1
7024	0
7025	0
7026	1
7027	2
7028	2
7029	4
7030	3
7031	4
7032	4
7033	4
7034	4
7035	4
7036	4
7037	4
7038	4
7039	2
7040	3
7041	2
7042	0
7043	0
7044	1
7045	3
7046	2
7047	1
7048	0
7049	0
7050	1
7051	2
7052	2
7053	4
7054	3
7055	4
7056	4
7057	4
7058	4
7059	4
7060	4
7061	4
7062	4
7063	2
7064	3
7065	2
7066	0
7067	0
7068	1
7069	3
7070	2
7071	1
7072	0
7073	0
7074	1
7075	2
7076	2
7077	4
7078	3
7079	4
7080	4
7081	4
7082	4
7083	4
7084	4
7085	4
7086	4
7087	2
7088	3
7089	2
7090	0
7091	0
7092	1
7093	3
7094	2
7095	1
7096	0
7097	0
7098	1
7099	2
7100	2
7101	4
7102	3
7103	4
7104	4
7105	4
7106	4
7107	4
7108	4
7109	4
7110	4
7111	2
7112	3
7113	2
7114	0
7115	0
7116	1
7117	3
7118	2
7119	1
7120	0
7121	0
7122	1
7123	2
7124	2
7125	4
7126	3
7127	4
7128	4
7129	4
7130	4
7131	4
7132	4
7133	4
7134	4
7135	2
7136	3
7137	2
7138	0
7139	0
7140	1
7141	3
7142	2
7143	1
7144	0
7145	0
7146	1
7147	2
7148	2
7149	4
7150	3
7151	4
7152	4
7153	4
7154	4
7155	4
7156	4
7157	4
7158	4
7159	2
7160	3
7161	2
7162	0
7163	0
7164	1
7165	3
7166	2
7167	1
7168	0
7169	0
7170	1
7171	2
7172	2
7173	4
7174	3
7175	4
7176	4
7177	4
7178	4
7179	4
7180	4
7181	4
7182	4
7183	2
7184	3
7185	2
7186	0
7187	0
7188	1
7189	3
7190	2
7191	1
7192	0
7193	0
7194	1
7195	2
7196	2
7197	4
7198	3
7199	4
7200	4
7201	4
7202	4
7203	4
7204	4
7205	4
7206	4
7207	2
7208	3
7209	2
7210	0
7211	0
7212	1
7213	3
7214	2
7215	1
7216	0
7217	0
7218	1
7219	2
7220	2
7221	4
7222	3
7223	4
7224	4
7225	4
7226	4
7227	4
7228	4
7229	4
7230	4
7231	2
7232	3
7233	2
7234	0
7235	0
7236	1
7237	3
7238	2
7239	1
7240	0
7241	0
7242	1
7243	2
7244	2
7245	4
7246	3
7247	4
7248	4
7249	4
7250	4
7251	4
7252	4
7253	4
7254	4
7255	2
7256	3
7257	2
7258	0
7259	0
7260	1
7261	3
7262	2
7263	1
7264	0
7265	0
7266	1
7267	2
7268	2
7269	4
7270	3
7271	4
7272	4
7273	4
7274	4
7275	4
7276	4
7277	4
7278	4
7279	2
7280	3
7281	2
7282	0
7283	0
7284	1
7285	3
7286	2
7287	1
7288	0
7289	0
7290	1
7291	2
7292	2
7293	4
7294	3
7295	4
7296	4
7297	4
7298	4
7299	4
7300	4
7301	4
7302	4
7303	2
7304	3
7305	2
7306	0
7307	0
7308	1
7309	3
7310	2
7311	1
7312	0
7313	0
7314	1
7315	2
7316	2
7317	4
7318	3
7319	4
7320	4
7321	4
7322	4
7323	4
7324	4
7325	4
7326	4
7327	2
7328	3
7329	2
7330	0
7331	0
7332	1
7333	3
7334	2
7335	1
7336	0
7337	0
7338	1
7339	2
7340	2
7341	4
7342	3
7343	4
7344	4
7345	4
7346	4
7347	4
7348	4
7349	4
7350	4
7351	2
7352	3
7353	2
7354	0
7355	0
7356	1
7357	3
7358	2
7359	1
7360	0
7361	0
7362	1
7363	2
7364	2
7365	4
7366	3
7367	4
7368	4
7369	4
7370	4
7371	4
7372	4
7373	4
7374	4
7375	2
7376	3
7377	2
7378	0
7379	0
7380	1
7381	3
7382	2
7383	1
7384	0
7385	0
7386	1
7387	2
7388	2
7389	4
7390	3
7391	4
7392	4
7393	4
7394	4
7395	4
7396	4
7397	4
7398	4
7399	2
7400	3
7401	2
7402	0
7403	0
7404	1
7405	3
7406	2
7407	1
7408	0
7409	0
7410	1
7411	2
7412	2
7413	4
7414	3
7415	4
7416	4
7417	4
7418	4
7419	4
7420	4
7421	4
7422	4
7423	2
7424	3
7425	2
7426	0
7427	0
7428	1
7429	3
7430	2
7431	1
7432	0
7433	0
7434	1
7435	2
7436	2
7437	4
7438	3
7439	4
7440	4
7441	4
7442	4
7443	4
7444	4
7445	4
7446	4
7447	2
7448	3
7449	2
7450	0
7451	0
7452	1
7453	3
7454	2
7455	1
7456	0
7457	0
7458	1
7459	2
7460	2
7461	4
7462	3
7463	4
7464	4
7465	4
7466	4
7467	4
7468	4
7469	4
7470	4
7471	2
7472	3
7473	2
7474	0
7475	0
7476	1
7477	3
7478	2
7479	1
7480	0
7481	0
7482	1
7483	2
7484	2
7485	4
7486	3
7487	4
7488	4
7489	4
7490	4
7491	4
7492	4
7493	4
7494	4
7495	2
7496	3
7497	2
7498	0
7499	0
7500	1
7501	3
7502	2
7503	1
7504	0
7505	0
7506	1
7507	2
7508	2
7509	4
7510	3
7511	4
7512	4
7513	4
7514	4
7515	4
7516	4
7517	4
7518	4
7519	2
7520	3
7521	2
7522	0
7523	0
7524	1
7525	3
7526	2
7527	1
7528	0
7529	0
7530	1
7531	2
7532	2
7533	4
7534	3
7535	4
7536	4
7537	4
7538	4
7539	4
7540	4
7541	4
7542	4
7543	2
7544	3
7545	2
7546	0
7547	0
7548	1
7549	3
7550	2
7551	1
7552	0
7553	0
7554	1
7555	2
7556	2
7557	4
7558	3
7559	4
7560	4
7561	4
7562	4
7563	4
7564	4
7565	4
7566	4
7567	2
7568	3
7569	2
7570	0
7571	0
7572	1
7573	3
7574	2
7575	1
7576	0
7577	0
7578	1
7579	2
7580	2
7581	4
7582	3
7583	4
7584	4
7585	4
7586	4
7587	4
7588	4
7589	4
7590	4
7591	2
7592	3
7593	2
7594	0
7595	0
7596	1
7597	3
7598	2
7599	1
7600	0
7601	0
7602	1
7603	2
7604	2
7605	4
7606	3
7607	4
7608	4
7609	4
7610	4
7611	4
7612	4
7613	4
7614	4
7615	2
7616	3
7617	2
7618	0
7619	0
7620	1
7621	3
7622	2
7623	1
7624	0
7625	0
7626	1
7627	2
7628	2
7629	4
7630	3
7631	4
7632	4
7633	4
7634	4
7635	4
7636	4
7637	4
7638	4
7639	2
7640	3
7641	2
7642	0
7643	0
7644	1
7645	3
7646	2
7647	1
7648	0
7649	0
7650	1
7651	2
7652	2
7653	4
7654	3
7655	4
7656	4
7657	4
7658	4
7659	4
7660	4
7661	4
7662	4
7663	2
7664	3
7665	2
7666	0
7667	0
7668	1
7669	3
7670	2
7671	1
7672	0
7673	0
7674	1
7675	2
7676	2
7677	4
7678	3
7679	4
7680	4
7681	4
7682	4
7683	4
7684	4
7685	4
7686	4
7687	2
7688	3
7689	2
7690	0
7691	0
7692	1
7693	3
7694	2
7695	1
7696	0
7697	0
7698	1
7699	2
7700	2
7701	4
7702	3
7703	4
7704	4
7705	4
7706	4
7707	4
7708	4
7709	4
7710	4
7711	2
7712	3
7713	2
7714	0
7715	0
7716	1
7717	3
7718	2
7719	1
7720	0
7721	0
7722	1
7723	2
7724	2
7725	4
7726	3
7727	4
7728	4
7729	4
7730	4
7731	4
7732	4
7733	4
7734	4
7735	2
7736	3
7737	2
7738	0
7739	0
7740	1
7741	3
7742	2
7743	1
7744	0
7745	0
7746	1
7747	2
7748	2
7749	4
7750	3
7751	4
7752	4
7753	4
7754	4
7755	4
7756	4
7757	4
7758	4
7759	2
7760	3
7761	2
7762	0
7763	0
7764	1
7765	3
7766	2
7767	1
7768	0
7769	0
7770	1
7771	2
7772	2
7773	4
7774	3
7775	4
7776	4
7777	4
7778	4
7779	4
7780	4
7781	4
7782	4
7783	2
7784	3
7785	2
7786	0
7787	0
7788	1
7789	3
7790	2
7791	1
7792	0
7793	0
7794	1
7795	2
7796	2
7797	4
7798	3
7799	4
7800	4
7801	4
7802	4
7803	4
7804	4
7805	4
7806	4
7807	2
7808	3
7809	2
7810	0
7811	0
7812	1
7813	3
7814	2
7815	1
7816	0
7817	0
7818	1
7819	2
7820	2
7821	4
7822	3
7823	4
7824	4
7825	4
7826	4
7827	4
7828	4
7829	4
7830	4
7831	2
7832	3
7833	2
7834	0
7835	0
7836	1
7837	3
7838	2
7839	1
7840	0
7841	0
7842	1
7843	2
7844	2
7845	4
7846	3
7847	4
7848	4
7849	4
7850	4
7851	4
7852	4
7853	4
7854	4
7855	2
7856	3
7857	2
7858	0
7859	0
7860	1
7861	3
7862	2
7863	1
7864	0
7865	0
7866	1
7867	2
7868	2
7869	4
7870	3
7871	4
7872	4
7873	4
7874	4
7875	4
7876	4
7877	4
7878	4
7879	2
7880	3
7881	2
7882	0
7883	0
7884	1
7885	3
7886	2
7887	1
7888	0
7889	0
7890	1
7891	2
7892	2
7893	4
7894	3
7895	4
7896	4
7897	4
7898	4
7899	4
7900	4
7901	4
7902	4
7903	2
7904	3
7905	2
7906	0
7907	0
7908	1
7909	3
7910	2
7911	1
7912	0
7913	0
7914	1
7915	2
7916	2
7917	4
7918	3
7919	4
7920	4
7921	4
7922	4
7923	4
7924	4
7925	4
7926	4
7927	2
7928	3
7929	2
7930	0
7931	0
7932	1
7933	3
7934	2
7935	1
7936	0
7937	0
7938	1
7939	2
7940	2
7941	4
7942	3
7943	4
7944	4
7945	4
7946	4
7947	4
7948	4
7949	4
7950	4
7951	2
7952	3
7953	2
7954	0
7955	0
7956	1
7957	3
7958	2
7959	1
7960	0
7961	0
7962	1
7963	2
7964	2
7965	4
7966	3
7967	4
7968	4
7969	4
7970	4
7971	4
7972	4
7973	4
7974	4
7975	2
7976	3
7977	2
7978	0
7979	0
7980	1
7981	3
7982	2
7983	1
7984	0
7985	0
7986	1
7987	2
7988	2
7989	4
7990	3
7991	4
7992	4
7993	4
7994	4
7995	4
7996	4
7997	4
7998	4
7999	2
8000	3
8001	2
8002	0
8003	0
8004	1
8005	3
8006	2
8007	1
8008	0
8009	0
8010	1
8011	2
8012	2
8013	4
8014	3
8015	4
8016	4
8017	4
8018	4
8019	4
8020	4
8021	4
8022	4
8023	2
8024	3
8025	2
8026	0
8027	0
8028	1
8029	3
8030	2
8031	1
8032	0
8033	0
8034	1
8035	2
8036	2
8037	4
8038	3
8039	4
8040	4
8041	4
8042	4
8043	4
8044	4
8045	4
8046	4
8047	2
8048	3
8049	2
8050	0
8051	0
8052	1
8053	3
8054	2
8055	1
8056	0
8057	0
8058	1
8059	2
8060	2
8061	4
8062	3
8063	4
8064	4
8065	4
8066	4
8067	4
8068	4
8069	4
8070	4
8071	2
8072	3
8073	2
8074	0
8075	0
8076	1
8077	3
8078	2
8079	1
8080	0
8081	0
8082	1
8083	2
8084	2
8085	4
8086	3
8087	4
8088	4
8089	4
8090	4
8091	4
8092	4
8093	4
8094	4
8095	2
8096	3
8097	2
8098	0
8099	0
8100	1
8101	3
8102	2
8103	1
8104	0
8105	0
8106	1
8107	2
8108	2
8109	4
8110	3
8111	4
8112	4
8113	4
8114	4
8115	4
8116	4
8117	4
8118	4
8119	2
8120	3
8121	2
8122	0
8123	0
8124	1
8125	3
8126	2
8127	1
8128	0
8129	0
8130	1
8131	2
8132	2
8133	4
8134	3
8135	4
8136	4
8137	4
8138	4
8139	4
8140	4
8141	4
8142	4
8143	2
8144	3
8145	2
8146	0
8147	0
8148	1
8149	3
8150	2
8151	1
8152	0
8153	0
8154	1
8155	2
8156	2
8157	4
8158	3
8159	4
8160	4
8161	4
8162	4
8163	4
8164	4
8165	4
8166	4
8167	2
8168	3
8169	2
8170	0
8171	0
8172	1
8173	3
8174	2
8175	1
8176	0
8177	0
8178	1
8179	2
8180	2
8181	4
8182	3
8183	4
8184	4
8185	4
8186	4
8187	4
8188	4
8189	4
8190	4
8191	2
8192	3
8193	2
8194	0
8195	0
8196	1
8197	3
8198	2
8199	1
8200	0
8201	0
8202	1
8203	2
8204	2
8205	4
8206	3
8207	4
8208	4
8209	4
8210	4
8211	4
8212	4
8213	4
8214	4
8215	2
8216	3
8217	2
8218	0
8219	0
8220	1
8221	3
8222	2
8223	1
8224	0
8225	0
8226	1
8227	2
8228	2
8229	4
8230	3
8231	4
8232	4
8233	4
8234	4
8235	4
8236	4
8237	4
8238	4
8239	2
8240	3
8241	2
8242	0
8243	0
8244	1
8245	3
8246	2
8247	1
8248	0
8249	0
8250	1
8251	2
8252	2
8253	4
8254	3
8255	4
8256	4
8257	4
8258	4
8259	4
8260	4
8261	4
8262	4
8263	2
8264	3
8265	2
8266	0
8267	0
8268	1
8269	3
8270	2
8271	1
8272	0
8273	0
8274	1
8275	2
8276	2
8277	4
8278	3
8279	4
8280	4
8281	4
8282	4
8283	4
8284	4
8285	4
8286	4
8287	2
8288	3
8289	2
8290	0
8291	0
8292	1
8293	3
8294	2
8295	1
8296	0
8297	0
8298	1
8299	2
8300	2
8301	4
8302	3
8303	4
8304	4
8305	4
8306	4
8307	4
8308	4
8309	4
8310	4
8311	2
8312	3
8313	2
8314	0
8315	0
8316	1
8317	3
8318	2
8319	1
8320	0
8321	0
8322	1
8323	2
8324	2
8325	4
8326	3
8327	4
8328	4
8329	4
8330	4
8331	4
8332	4
8333	4
8334	4
8335	2
8336	3
8337	2
8338	0
8339	0
8340	1
8341	3
8342	2
8343	1
8344	0
8345	0
8346	1
8347	2
8348	2
8349	4
8350	3
8351	4
8352	4
8353	4
8354	4
8355	4
8356	4
8357	4
8358	4
8359	2
8360	3
8361	2
8362	0
8363	0
8364	1
8365	3
8366	2
8367	1
8368	0
8369	0
8370	1
8371	2
8372	2
8373	4
8374	3
8375	4
8376	4
8377	4
8378	4
8379	4
8380	4
8381	4
8382	4
8383	2
8384	3
8385	2
8386	0
8387	0
8388	1
8389	3
8390	2
8391	1
8392	0
8393	0
8394	1
8395	2
8396	2
8397	4
8398	3
8399	4
8400	4
8401	4
8402	4
8403	4
8404	4
8405	4
8406	4
8407	2
8408	3
8409	2
8410	0
8411	0
8412	1
8413	3
8414	2
8415	1
8416	0
8417	0
8418	1
8419	2
8420	2
8421	4
8422	3
8423	4
8424	4
8425	4
8426	4
8427	4
8428	4
8429	4
8430	4
8431	2
8432	3
8433	2
8434	0
8435	0
8436	1
8437	3
8438	2
8439	1
8440	0
8441	0
8442	1
8443	2
8444	2
8445	4
8446	3
8447	4
8448	4
8449	4
8450	4
8451	4
8452	4
8453	4
8454	4
8455	2
8456	3
8457	2
8458	0
8459	0
8460	1
8461	3
8462	2
8463	1
8464	0
8465	0
8466	1
8467	2
8468	2
8469	4
8470	3
8471	4
8472	4
8473	4
8474	4
8475	4
8476	4
8477	4
8478	4
8479	2
8480	3
8481	2
8482	0
8483	0
8484	1
8485	3
8486	2
8487	1
8488	0
8489	0
8490	1
8491	2
8492	2
8493	4
8494	3
8495	4
8496	4
8497	4
8498	4
8499	4
8500	4
8501	4
8502	4
8503	2
8504	3
8505	2
8506	0
8507	0
8508	1
8509	3
8510	2
8511	1
8512	0
8513	0
8514	1
8515	2
8516	2
8517	4
8518	3
8519	4
8520	4
8521	4
8522	4
8523	4
8524	4
8525	4
8526	4
8527	2
8528	3
8529	2
8530	0
8531	0
8532	1
8533	3
8534	2
8535	1
8536	0
8537	0
8538	1
8539	2
8540	2
8541	4
8542	3
8543	4
8544	4
8545	4
8546	4
8547	4
8548	4
8549	4
8550	4
8551	2
8552	3
8553	2
8554	0
8555	0
8556	1
8557	3
8558	2
8559	1
8560	0
8561	0
8562	1
8563	2
8564	2
8565	4
8566	3
8567	4
8568	4
8569	4
8570	4
8571	4
8572	4
8573	4
8574	4
8575	2
8576	3
8577	2
8578	0
8579	0
8580	1
8581	3
8582	2
8583	1
8584	0
8585	0
8586	1
8587	2
8588	2
8589	4
8590	3
8591	4
8592	4
8593	4
8594	4
8595	4
8596	4
8597	4
8598	4
8599	2
8600	3
8601	2
8602	0
8603	0
8604	1
8605	3
8606	2
8607	1
8608	0
8609	0
8610	1
8611	2
8612	2
8613	4
8614	3
8615	4
8616	4
8617	4
8618	4
8619	4
8620	4
8621	4
8622	4
8623	2
8624	3
8625	2
8626	0
8627	0
8628	1
8629	3
8630	2
8631	1
8632	0
8633	0
8634	1
8635	2
8636	2
8637	4
8638	3
8639	4
8640	4
8641	4
8642	4
8643	4
8644	4
8645	4
8646	4
8647	2
8648	3
8649	2
8650	0
8651	0
8652	1
8653	3
8654	2
8655	1
8656	0
8657	0
8658	1
8659	2
8660	2
8661	4
8662	3
8663	4
8664	4
8665	4
8666	4
8667	4
8668	4
8669	4
8670	4
8671	2
8672	3
8673	2
8674	0
8675	0
8676	1
8677	3
8678	2
8679	1
8680	0
8681	0
8682	1
8683	2
8684	2
8685	4
8686	3
8687	4
8688	4
8689	4
8690	4
8691	4
8692	4
8693	4
8694	4
8695	2
8696	3
8697	2
8698	0
8699	0
8700	1
8701	3
8702	2
8703	1
8704	0
8705	0
8706	1
8707	2
8708	2
8709	4
8710	3
8711	4
8712	4
8713	4
8714	4
8715	4
8716	4
8717	4
8718	4
8719	2
8720	3
8721	2
8722	0
8723	0
8724	1
8725	3
8726	2
8727	1
8728	0
8729	0
8730	1
8731	2
8732	2
8733	4
8734	3
8735	4
8736	4
8737	4
8738	4
8739	4
8740	4
8741	4
8742	4
8743	2
8744	3
8745	2
8746	0
8747	0
8748	1
8749	3
8750	2
8751	1
8752	0
8753	0
8754	1
8755	2
8756	2
8757	4
8758	3
8759	4
8760	4
