*3x6 Sonden
*Abstand 5m
0.00,	0.00
0.00,	5.00
0.00,	10.00
0.00,	15.00
0.00,	20.00
5.00,	0.00
5.00,	5.00
5.00,	10.00
5.00,	15.00
5.00,	20.00
10.00,	0.00
10.00,	5.00
10.00,	10.00
10.00,	15.00
10.00,	20.00
15.00,	0.00
15.00,	5.00
15.00,	10.00
15.00,	15.00
15.00,	20.00
20.00,	0.00
20.00,	5.00
20.00,	10.00
20.00,	15.00
20.00,	20.00
25.00,	0.00
25.00,	5.00
25.00,	10.00
25.00,	15.00
25.00,	20.00
30.00,	0.00
30.00,	5.00
30.00,	10.00
30.00,	15.00
30.00,	20.00
35.00,	0.00
35.00,	5.00
35.00,	10.00
35.00,	15.00
35.00,	20.00
40.00,	0.00
40.00,	5.00
40.00,	10.00
40.00,	15.00
40.00,	20.00
45.00,	0.00
45.00,	5.00
45.00,	10.00
45.00,	15.00
45.00,	20.00
