0.018567519
0.019203456
0.020502025
0.022815868
0.0224465
0.021824546
0.020397877
0.018361469
0.019921754
0.021517022
0.021869932
0.022143803
0.019241688
0.013442327
0.013455487
0.012681619
0.010450817
0.011403961
0.012767262
0.013150174
0.012288725
0.010835649
0.010911512
0.010774741
0.010845014
0.010753715
0.01147644
0.011277233
0.01147467
0.010428074
0.00874466
0.013226356
0.014226729
0.014302748
0.013099421
0.01337834
0.01428002
0.01543115
0.016454818
0.015570386
0.016823008
0.016177803
0.016375079
0.017191818
0.017569221
0.018003233
0.016254001
0.014199047
0.015071572
0.015808446
0.016392792
0.014559881
0.011674548
0.011923587
0.01178308
0.011868706
0.012052326
0.011567187
0.012196381
0.011879128
0.013875026
0.013824957
0.013771892
0.011635667
0.009269052
0.008696016
0.011273489
0.012704031
0.013184997
0.011053381
0.014550309
0.015568511
0.015538001
0.016900274
0.017066234
0.014419741
0.013270697
0.009113428
0.010237002
0.011212086
0.0112583
0.011424087
0.008828828
0.0087571
0.008800838
0.008689237
0.008776328
0.008718356
0.008738808
0.008898382
0.010052842
0.011428894
0.011195395
0.011506619
0.010314508
0.01516613
0.018451996
0.018186772
0.017367403
0.015539109
0.013305021
0.015720313
0.015148779
0.013787577
0.013016914
0.009076972
0.008781784
0.008763647
0.008526543
0.008641155
0.010254092
0.011242735
0.011140213
0.011483882
0.011404592
0.009114971
0.00885348
0.008757747
0.008791313
0.008698703
0.010889516
0.010931181
0.011089755
0.013339769
0.016305901
0.016582708
0.019819205
0.017985796
0.017336225
0.01878138
0.017386671
0.019181703
0.014828996
0.013872891
0.01279217
0.011108455
0.011056745
0.010952374
0.011026389
0.01087151
0.011035268
0.011077626
0.013469873
0.013955078
0.014668358
0.01476307
0.014320037
0.015623922
0.015743434
0.015796837
0.016090278
0.016826259
0.015319197
0.016023539
0.018122117
0.019099033
0.021718971
0.020997938
0.019864712
0.018534546
0.016972548
0.01743602
0.018691777
0.0197666
0.019471522
0.018229744
0.014466614
0.013931879
0.014437057
0.018460549
0.019268854
0.019313364
0.018010585
0.016669803
0.016806731
0.019490582
0.017301984
0.018000057
0.019572456
0.019580229
0.019509604
0.022079029
0.022248036
0.021526712
0.10407473
0.08800487
0.054746881
0.036017427
0.061125934
0.060891366
0.04099945
0.165312336
0.125732575
0.050345323
0.083955043
0.080000738
0.07814839
0.054426868
0.055871962
0.089342084
0.106728522
0.133070274
0.083704139
0.095006732
0.079263624
0.032777412
0.195867187
0.211647695
0.097410404
0.042792428
0.068685603
0.064455683
0.035375998
0.085311639
0.158492037
0.168146212
0.124181255
0.125774349
0.114876434
0.072285932
0.059028494
0.039888226
0.076586214
0.094837178
0.131988647
0.103315926
0.140802789
0.102536114
0.053611003
0.073556671
0.154752775
0.129863183
0.079491099
0.083906218
0.113938394
0.108895225
0.093115394
0.080155689
0.065131071
0.042486797
0.033178055
0.074321152
0.127280337
0.166347823
0.114483624
0.025634328
0.028639961
0.041467098
0.160802464
0.151804071
0.074061683
0.069450217
0.081745363
0.076184151
0.056103282
0.054354027
0.041386916
0.062588581
0.071190064
0.065775164
0.053888508
0.041542834
0.040839463
0.031366628
0.022564474
0.022168179
0.016711759
0.016321558
0.014509061
0.014067975
0.014073451
0.017930632
0.019127007
0.019741448
0.020060573
0.026746032
0.031052485
0.032444677
0.030984925
0.063212191
0.072637797
0.067786344
0.074715484
0.075499344
0.075319195
0.071138731
0.064495678
0.062729645
0.062689231
0.062692047
0.064236031
0.070820094
0.088428305
0.087994816
0.032304711
0.028826655
0.093220908
0.099872115
0.085104933
0.087924523
0.079823583
0.09759785
0.087928693
0.087240366
0.090046017
0.086318135
0.074917414
0.017840334
0.058940846
0.058450978
0.01788721
0.018909008
0.023339799
0.024755578
0.022811462
0.022272763
0.019606331
0.017848941
0.017992884
0.052302083
0.051332261
0.035276539
0.021845183
0.020763346
0.021620433
0.020845093
0.021469158
0.023188232
0.021237892
0.020278585
0.082379773
0.078471026
0.016986945
0.022836797
0.019224652
0.019071818
0.028592809
0.079376167
0.082846169
0.0204717
0.021031105
0.022938557
0.023074491
0.022590681
0.023841564
0.037082212
0.045332457
0.046448432
0.034558764
0.043942923
0.096402343
0.112328977
0.11717593
0.089814608
0.094395477
0.091388821
0.089508511
0.033036998
0.025814457
0.112848252
0.094358474
0.064720648
0.070374299
0.065178475
0.066520575
0.078348213
0.086136187
0.122335829
0.150647997
0.147458046
0.116358447
0.097461312
0.079787552
0.070622392
0.098414408
0.203976309
0.192957396
0.188356587
0.234085099
0.217410973
0.165436024
0.110941253
0.11213674
0.105120264
0.10524072
0.109345274
0.102997159
0.117029073
0.122127513
0.117692937
0.114383705
0.117174161
0.107558418
0.107157838
0.099073316
0.106269473
0.101377607
0.05732949
0.024442168
0.025937118
0.026342192
0.02316938
0.023963012
0.026456376
0.056570866
0.087826499
0.048186895
0.033516402
0.033173446
0.04163626
0.041397843
0.034313776
0.054667865
0.054204348
0.056032536
0.05418977
0.058630894
0.056676541
0.051626325
0.063512142
0.047208173
0.05659495
0.051207749
0.051163697
0.126384167
0.118445668
0.086753015
0.038146928
0.134670767
0.122139487
0.04953898
0.092941878
0.111133448
0.123213428
0.068603522
0.052950459
0.055564405
0.054193342
0.075559384
0.095810144
0.082741638
0.032866361
0.055788704
0.030035979
0.052708956
0.051132196
0.042732511
0.048976528
0.045350645
0.039532809
0.041295454
0.035732724
0.04441622
0.071870006
0.094906033
0.061314327
0.058590134
0.034064691
0.057267264
0.039059813
0.047776784
0.03740021
0.052702327
0.0485458
0.054407719
0.050861004
0.051220887
0.039655583
0.053293728
0.035546825
0.061571093
0.038014685
0.046897662
0.049606848
0.033459688
0.044838957
0.027159857
0.057476321
0.056204752
0.057474563
0.05679133
0.054985008
0.057558058
0.057340072
0.06011737
0.066250586
0.067051269
0.070939157
0.071160923
0.076487127
0.055800577
0.036282478
0.029958888
0.021478385
0.023059301
0.022319132
0.05553484
0.174680383
0.175848894
0.180194471
0.195136195
0.24110351
0.21205833
0.140912803
0.110696311
0.027773195
0.038379492
0.094110207
0.089908247
0.09055119
0.093990362
0.086939115
0.092975805
0.092657387
0.097698069
0.094419967
0.098451521
0.09890663
0.091827081
0.089222423
0.070952835
0.061748602
0.046504625
0.028338607
0.02807416
0.061947052
0.065160293
0.058853734
0.058816231
0.062848924
0.061248821
0.06376739
0.06086892
0.065225504
0.06317378
0.040020092
0.030721131
0.028076843
0.028098317
0.02843533
0.027283683
0.024165388
0.023034252
0.023157191
0.022824275
0.023023789
0.021898907
0.021731487
0.022479128
0.021775288
0.021394658
0.023079015
0.024612042
0.023864324
0.026775426
0.02874286
0.029183349
0.034293723
0.033407739
0.038718798
0.040952747
0.037279502
0.032597287
0.02813377
0.05918524
0.097396546
0.085050199
0.056656876
0.055957193
0.05527796
0.054242166
0.052127563
0.053109073
0.060425977
0.156459065
0.134072276
0.103901842
0.083554727
0.082929549
0.074119359
0.063878921
0.06356662
0.137558682
0.143003606
0.116789346
0.075659827
0.073486335
0.054965605
0.063860231
0.189064515
0.167414614
0.16358096
0.150143587
0.147101377
0.125211564
0.153177608
0.158631548
0.102910249
0.090650058
0.077342998
0.049798208
0.060470208
0.068769582
0.154797269
0.158144244
0.121563083
0.097732299
0.076505771
0.078628503
0.071219281
0.072061317
0.090065362
0.119431439
0.113985701
0.112116288
0.101832222
0.09565777
0.083531457
0.07654861
0.03517842
0.03400934
0.034146378
0.036302895
0.032852369
0.034579831
0.031691878
0.037150459
0.040236788
0.041877894
0.042353622
0.04032691
0.038239548
0.035056692
0.036201863
0.033669201
0.033905997
0.033655117
0.035275462
0.033522961
0.033381013
0.034240309
0.033464685
0.033710912
0.033927087
0.071096726
0.056071354
0.061976224
0.065510937
0.062942329
0.058711941
0.082894544
0.105615379
0.106931671
0.111536731
0.093998859
0.107966546
0.078777808
0.067372813
0.060080494
0.067600369
0.043682043
0.044967917
0.050521142
0.060640368
0.065940244
0.043031364
0.066738552
0.039763556
0.063819757
0.043652547
0.050940777
0.048122113
0.051253653
0.048808099
0.045267124
0.041598792
0.049212913
0.048323597
0.044472826
0.06007456
0.03558421
0.046317717
0.046437724
0.036650505
0.043446961
0.039274557
0.041018963
0.036240513
0.047296345
0.033917545
0.047781787
0.032560005
0.045993954
0.039802146
0.044909889
0.019333878
0.019074521
0.019406416
0.017863571
0.015279173
0.01535742
0.015497253
0.015350685
0.014461684
0.013188773
0.012980192
0.018942297
0.018145154
0.016861175
0.016797399
0.01309013
0.012246924
0.012108067
0.012216649
0.012308289
0.012083397
0.011366104
0.009802724
0.010113007
0.012795224
0.020446611
0.023597309
0.024943168
0.016766013
0.014012306
0.012013379
0.011643006
0.011227459
0.012124478
0.011330084
0.012675111
0.013960304
0.011636451
0.010431492
0.008771586
0.010292058
0.011291898
0.011349691
0.010465308
0.008653052
0.008843848
0.011497215
0.015125521
0.01597421
0.016457977
0.014155845
0.013728232
0.013848453
0.01296537
0.014088159
0.019812976
0.01896205
0.018080022
0.01582197
0.013843334
0.014002089
0.013880957
0.014147878
0.012129994
0.014288977
0.01693803
0.016836257
0.016489491
0.01269317
0.01431813
0.014765406
0.016558413
0.014608978
0.01356969
0.013740639
0.013483328
0.013765222
0.011827134
0.014433537
0.012911239
0.011521905
0.011265899
0.009153226
0.008746675
0.01001991
0.011013279
0.016345515
0.016159789
0.01613871
0.014113749
0.010867418
0.010865322
0.009086578
0.011498004
0.01335841
0.01362606
0.012546094
0.013592328
0.014895492
0.015697987
0.015070356
0.011378065
0.008927684
0.008638754
0.008652423
0.008576563
0.008706214
0.008781829
0.011481945
0.011267466
0.011314518
0.009985911
0.00880804
0.010237742
0.010648865
0.010746248
0.014884615
0.015814962
0.018321815
0.01719759
0.013369545
0.012430463
0.01349597
0.01341185
0.011750704
0.010462745
0.011158294
0.011280628
0.012694471
0.016489913
0.016239661
0.016269551
0.015479128
0.011746975
0.011479932
0.013284994
0.015131396
0.014897995
0.015694991
0.015301916
0.014490209
0.015824549
0.016632403
0.016688867
0.016549396
0.017265352
0.017063599
0.016011732
0.014024031
0.014937588
0.014841151
0.015355606
0.014707502
0.014155421
0.015161546
0.014861619
0.015127474
0.014221487
0.01223865
0.012271401
0.014875871
0.015904886
0.015785671
0.018211728
0.020863325
0.020928609
0.022228892
0.022220396
0.020204002
0.019182024
0.016399415
0.015049882
0.013214506
0.013170672
0.012949596
0.012815878
0.014464277
0.015346437
0.015552236
0.015458986
0.015066976
0.013011005
0.013062213
0.014511694
0.015621611
0.015410614
0.018025595
0.015945041
0.015540788
0.01784043
0.018591747
0.018200516
0.016937923
0.015616544
0.015342462
0.014300558
0.014720285
0.014951008
0.015240814
0.013784533
0.014169415
0.012562222
0.013213689
0.012945916
0.0141666
0.014231121
0.013779321
0.013836161
0.016581214
0.019501342
0.019061709
0.019100301
0.018101792
0.022386298
0.066387991
0.094248323
0.055180474
0.03959695
0.058935017
0.066371918
0.033307824
0.067375232
0.115472962
0.126095313
0.08645071
0.087443084
0.130983663
0.140202296
0.071741761
0.056770661
0.124089556
0.157662773
0.083753865
0.081834606
0.089677547
0.097512803
0.085141427
0.055019664
0.054907331
0.075413993
0.081602464
0.064097014
0.086203755
0.135774766
0.101500462
0.054766905
0.038328014
0.064483703
0.060320954
0.026942665
0.02725563
0.040632982
0.072897996
0.07106174
0.056948794
0.040505888
0.075236102
0.049975471
0.01714304
0.050615789
0.065442927
0.041365793
0.023057391
0.015287248
0.091884048
0.173236326
0.131085171
0.041475827
0.020770058
0.020920167
0.066990039
0.096781313
0.089353969
0.021191597
0.03370746
0.06741425
0.063143842
0.061943574
0.052363667
0.041444377
0.041017472
0.031898847
0.057422041
0.109442086
0.11934908
0.084603537
0.095434161
0.118478086
0.109866782
0.091149842
0.072171677
0.082130413
0.121855998
0.12691741
0.111168516
0.079830223
0.102273243
0.1089069
0.112743355
0.07176343
0.063081626
0.057620308
0.018102611
0.014471364
0.099268132
0.139070925
0.143726754
0.092062418
0.055343738
0.03974011
0.067421893
0.064107556
0.046508746
0.075918952
0.073996405
0.096764106
0.090415776
0.089088078
0.045754032
0.04276723
0.039711898
0.016796134
0.021383166
0.054490914
0.067369215
0.080507621
0.144668603
0.167660156
0.159950801
0.157187702
0.147673584
0.106235477
0.068007061
0.022828615
0.021356672
0.086941386
0.087524
0.022726363
0.022648351
0.021992107
0.018495194
0.022819888
0.022232906
0.020326194
0.02083098
0.023720688
0.025586081
0.023993503
0.023888835
0.035388294
0.071081973
0.069372325
0.068148837
0.067314685
0.068689613
0.069289178
0.07145077
0.067190425
0.073083109
0.074015612
0.067465383
0.089834595
0.089713771
0.046564297
0.046608195
0.041989453
0.044169965
0.049580896
0.048034358
0.048208939
0.041898259
0.029772205
0.027868073
0.032030553
0.029883562
0.026957267
0.024911068
0.032646084
0.044434479
0.0518987
0.051212822
0.050124853
0.048861124
0.04672146
0.138620355
0.099534482
0.075278445
0.076175715
0.076846698
0.066001015
0.068369145
0.06592187
0.101077197
0.112177658
0.110448616
0.083258811
0.115550567
0.140383785
0.087936822
0.024178092
0.019697569
0.021405416
0.021564382
0.021484348
0.020210534
0.016706755
0.016637729
0.016783423
0.014396247
0.011829449
0.010821652
0.063497526
0.050382109
0.021813251
0.021147087
0.011136533
0.009645518
0.009902707
0.012335022
0.012934064
0.094262526
0.092807755
0.089072216
0.167755199
0.173352384
0.178857333
0.187674831
0.187514658
0.137452689
0.135502208
0.12951599
0.14423838
0.144068721
0.135165876
0.134663627
0.13637556
0.140839847
0.152615851
0.17513682
0.165089172
0.141729253
0.101746673
0.089565414
0.019136981
0.018340403
0.02015962
0.020745356
0.022015298
0.025158562
0.02290353
0.020201141
0.019555144
0.018000512
0.01793001
0.016373779
0.015492826
0.015918064
0.01526207
0.015726796
0.018253085
0.02548539
0.03648038
0.034194837
0.03246651
0.034218992
0.029299964
0.027847414
0.020173045
0.020553826
0.020374673
0.020551462
0.019734866
0.035055887
0.048639036
0.032445623
0.018582732
0.019517144
0.019554745
0.02481503
0.026599077
0.024126522
0.022471989
0.020889248
0.083717464
0.079434399
0.018076173
0.077034303
0.077784941
0.020950418
0.023337046
0.023045993
0.083619113
0.072949813
0.030851642
0.029407592
0.031445791
0.032633101
0.028880764
0.015347871
0.015893137
0.015974127
0.019860285
0.020628346
0.035006663
0.035311875
0.033337367
0.034152702
0.037587909
0.025180039
0.020249123
0.023936418
0.024272056
0.021137329
0.017896128
0.016172221
0.014069216
0.013645222
0.01444167
0.015648715
0.016373168
0.01714099
0.017695054
0.020543307
0.021145067
0.021018238
0.020938667
0.022297386
0.020864554
0.022804471
0.024398503
0.02615947
0.027196575
0.025761751
0.025801109
0.026387598
0.025460373
0.022895067
0.018385343
0.016393778
0.016420132
0.016376454
0.018137539
0.019938458
0.019705027
0.037769076
0.044540911
0.05243138
0.052675041
0.056523568
0.064436401
0.052782334
0.06180655
0.066497902
0.064947607
0.073386271
0.068613255
0.056916822
0.06241714
0.104743811
0.125535417
0.139032301
0.125927678
0.121550188
0.144421823
0.050875393
0.06334287
0.043457085
0.051224501
0.043236044
0.058444312
0.07656267
0.136722121
0.081690538
0.064158758
0.136485368
0.237480444
0.12943975
0.133195965
0.179824551
0.16477447
0.138669482
0.098293384
0.100483244
0.147932419
0.139048098
0.149418369
0.11867419
0.119837836
0.092966096
0.081429771
0.055452885
0.048337254
0.054580311
0.056823568
0.048136851
0.063526578
0.04778362
0.052228062
0.061519267
0.075135635
0.080797811
0.162470024
0.277630047
0.264180901
0.252713502
0.338860903
0.350942773
0.311777459
0.293037771
0.290871231
0.263889605
0.081267944
0.083024562
0.112105764
0.1557838
0.155964536
0.096116394
0.094454815
0.081349006
0.077160897
0.033775776
0.222613784
0.235231153
0.225233185
0.228867961
0.237238582
0.224714044
0.279702821
0.279158771
0.244248048
0.226058186
0.052484685
0.052270517
0.049629025
0.050806342
0.047349132
0.044811869
0.077258645
0.177220432
0.17145306
0.229566448
0.282019384
0.30442598
0.30043324
0.284906335
0.297293358
0.381845983
0.408121463
0.380188482
0.34049122
0.330710127
0.127287397
0.103128976
0.093995414
0.068567274
0.046753113
0.067857191
0.087320035
0.087741963
0.087304885
0.072009712
0.076662483
0.065583149
0.054370354
0.069515177
0.06557783
0.071995639
0.066335818
0.065639956
0.029792273
0.028463209
0.031609178
0.03490986
0.036099756
0.04142246
0.040077812
0.040676691
0.041609217
0.038397971
0.043646329
0.040931918
0.036640909
0.094348395
0.090741278
0.028844887
0.029442701
0.029075017
0.029189136
0.032670261
0.031461822
0.031155868
0.029371321
0.026907157
0.027867412
0.026296211
0.026775258
0.02636932
0.028199465
0.029456335
0.028909225
0.02916901
0.02908386
0.028535423
0.031058949
0.029595405
0.028326607
0.023565661
0.023031304
0.023577161
0.025157191
0.029372898
0.029393224
0.028206408
0.025160732
0.02198755
0.022023474
0.02113153
0.020700869
0.021779557
0.023621983
0.024133273
0.02341843
0.022638246
0.022285266
0.023978111
0.024854589
0.02519166
0.024505921
0.023161522
0.019905561
0.020114842
0.01809565
0.019220019
0.022660563
0.023353195
0.022119722
0.020639541
0.016845957
0.019144214
0.024172695
0.025416312
0.026622179
0.024832166
0.02036803
0.019433474
0.020659842
0.017603265
0.016331765
0.015825123
0.017204075
0.0197194
0.011089317
0.010822775
0.012632684
0.013059707
0.012977362
0.012328428
0.010810409
0.010990309
0.010790558
0.009083289
0.010223436
0.01137054
0.016596728
0.01629186
0.01424864
0.010680326
0.008709394
0.012864909
0.013965016
0.013855674
0.014006219
0.013245808
0.011043509
0.013494955
0.01339697
0.013747556
0.012414867
0.011561979
0.011031205
0.010871291
0.010954771
0.01087088
0.010882159
0.010779408
0.009976183
0.008835897
0.00878656
0.008667152
0.008687484
0.01028574
0.011317828
0.011280179
0.01122703
0.011823896
0.016443272
0.015677978
0.015953851
0.013747187
0.01256927
0.013324852
0.013407568
0.012481579
0.0121163
0.014899406
0.01582104
0.01592438
0.012823873
0.010929842
0.010868026
0.009835659
0.008644714
0.008935023
0.008919659
0.008810593
0.008890816
0.008703449
0.008774159
0.011369192
0.011473909
0.011343901
0.009467363
0.011153498
0.011072482
0.010828863
0.010837379
0.01233551
0.014871729
0.019539569
0.01910852
0.017634145
0.014132948
0.011017128
0.010910754
0.013457106
0.01231968
0.013867736
0.012822023
0.012793428
0.01340276
0.011889048
0.011951721
0.011862718
0.01222276
0.011669144
0.011837054
0.012121461
0.014394072
0.01658308
0.016694332
0.015907513
0.013707403
0.013839779
0.015210385
0.01595876
0.014904139
0.014001042
0.016560877
0.019519192
0.018926717
0.017493708
0.016203242
0.01419052
0.014135167
0.01305867
0.013298233
0.014567079
0.014371399
0.016858156
0.015705728
0.011252965
0.011405389
0.009286978
0.008759218
0.010503791
0.010836082
0.010937146
0.012070829
0.014809084
0.016864455
0.01903545
0.018441832
0.017356317
0.016583924
0.014348755
0.015129672
0.014959466
0.014505036
0.012313582
0.016194058
0.017418974
0.017409284
0.014804302
0.012323755
0.012494745
0.012332694
0.012353104
0.015435045
0.015210264
0.015418176
0.017917429
0.017670344
0.017944947
0.020163094
0.017390816
0.017526589
0.017169339
0.016202155
0.01511647
0.015630605
0.015607359
0.01381812
0.015093585
0.017577584
0.018561405
0.05121352
0.052428722
0.016631127
0.014768153
0.01336691
0.014293268
0.015832305
0.015943031
0.015896506
0.013567636
0.013576969
0.018669173
0.018482616
0.018076567
0.097206381
0.074072109
0.038224256
0.037530223
0.059758892
0.041999623
0.039259089
0.082964979
0.202947206
0.13787208
0.046911533
0.02968247
0.037931463
0.123311896
0.121699628
0.075040057
0.082216541
0.106912975
0.131766602
0.092944857
0.071565737
0.072424042
0.082307443
0.162699795
0.124851168
0.087822633
0.060760622
0.081043812
0.105016314
0.085468882
0.143821374
0.122000653
0.115703341
0.177392211
0.232102698
0.137932339
0.066065993
0.048803021
0.049015924
0.091822578
0.126152667
0.150832737
0.128802267
0.105597576
0.103649716
0.081138693
0.036430573
0.036692921
0.058363518
0.22593153
0.181353067
0.067123489
0.045396666
0.036061501
0.036512972
0.037729931
0.04291516
0.087049289
0.083862451
0.069403615
0.133363517
0.10925309
0.050720759
0.04681567
0.070132992
0.045802939
0.031415775
0.042979
0.076070614
0.073451637
0.075895366
0.18074093
0.161577235
0.074905527
0.0439148
0.084182994
0.060833594
0.038696368
0.032685958
0.044837616
0.074974527
0.069795631
0.057650172
0.092084103
0.113798729
0.06799077
0.047014802
0.063044325
0.066433192
0.032734214
0.072695314
0.108351189
0.147172865
0.141555603
0.140702757
0.056520511
0.141219645
0.179481516
0.121732941
0.141456468
0.222796816
0.201424775
0.173852104
0.164166736
0.127324385
0.11311814
0.118469293
0.070041374
0.061485237
0.047641375
0.061882015
0.072639317
0.042565475
0.029030577
0.023632052
0.024662668
0.024682577
0.035827527
0.072240273
0.071139422
0.06979362
0.071008837
0.07130097
0.069655097
0.081044814
0.13221551
0.131728404
0.132161497
0.14514576
0.155704035
0.142604937
0.030165462
0.02023954
0.022144719
0.021711119
0.06082868
0.075218874
0.077820762
0.075830028
0.080715267
0.082733475
0.0795877
0.080909395
0.081926005
0.075933481
0.079047554
0.081435566
0.079258648
0.084669114
0.106004621
0.09741563
0.042874146
0.029756717
0.025230811
0.024031784
0.030892034
0.033221719
0.028416391
0.02915828
0.028546432
0.121814897
0.108292852
0.077164452
0.107284279
0.143926647
0.079119297
0.133455316
0.114281869
0.129697002
0.135284734
0.12226398
0.110179935
0.0906767
0.083068697
0.043170051
0.036534927
0.039307655
0.049674296
0.044642835
0.037240835
0.027072013
0.043142866
0.045135375
0.042818125
0.026019149
0.014876034
0.014737597
0.015147175
0.015257024
0.017419705
0.047951699
0.085676333
0.043620695
0.016802112
0.016758709
0.017004506
0.016390997
0.019630787
0.025288466
0.051268393
0.050909151
0.047851541
0.041057152
0.052897936
0.105079258
0.099393084
0.101089049
0.065803119
0.064282274
0.11838501
0.115103149
0.117377512
0.065688086
0.064936314
0.063307921
0.069707417
0.085354671
0.084844976
0.029296523
0.016664465
0.016383962
0.016045963
0.016302203
0.045822091
0.06259509
0.06970643
0.071613565
0.136205974
0.13427811
0.07827621
0.077357009
0.072478322
0.073483832
0.070393406
0.070239181
0.068435418
0.068430177
0.016294707
0.03867291
0.07033535
0.070221559
0.077006113
0.073764715
0.080088334
0.076707537
0.035979564
0.037352505
0.03625
0.036021654
0.035899236
0.036658878
0.039521453
0.039909947
0.036847731
0.100882585
0.098442444
0.04028177
0.048300801
0.048454759
0.046149442
0.039139256
0.038675529
0.036962945
0.037833093
0.039042947
0.035729287
0.035749071
0.035220139
0.037426192
0.035022981
0.037265361
0.034013948
0.034412161
0.031568958
0.034040035
0.033213842
0.031676169
0.031050874
0.031479714
0.034500172
0.032995466
0.033657052
0.034357965
0.0385775
0.041431833
0.04384989
0.041619546
0.044192881
0.043143184
0.044516834
0.047159423
0.042687373
0.040272498
0.035729714
0.038129368
0.038978008
0.035435002
0.036397609
0.038280237
0.028337934
0.020847625
0.01912725
0.01859514
0.019034309
0.018397454
0.01844311
0.018539229
0.018877716
0.018036497
0.025800709
0.075129433
0.077822861
0.017014202
0.029632975
0.06076481
0.095237346
0.09400408
0.096725231
0.09832557
0.084285734
0.026369012
0.022735977
0.02273518
0.022754727
0.019901657
0.019306171
0.020386773
0.018574629
0.020570257
0.017239468
0.017359161
0.029885081
0.071856856
0.091228925
0.082259206
0.096944375
0.105495698
0.088693682
0.104430729
0.101341466
0.091312698
0.104039388
0.097310887
0.086579265
0.029559188
0.033490604
0.098236237
0.043047691
0.03227388
0.030859007
0.029131494
0.025476527
0.026260765
0.027840615
0.031083995
0.033249671
0.030935303
0.030314187
0.027884072
0.024689386
0.024552571
0.02403971
0.024808442
0.024908299
0.027111566
0.026710804
0.030411804
0.027627093
0.043153509
0.109753881
0.132190059
0.168522413
0.149951552
0.138112636
0.143933505
0.132804022
0.145086135
0.153235024
0.145810354
0.134097414
0.197102709
0.251274958
0.294242813
0.28783044
0.297542953
0.280899292
0.280217539
0.221909015
0.299911894
0.326715716
0.297488746
0.290037007
0.31188737
0.307872666
0.331330248
0.329055901
0.346101806
0.289348615
0.175371907
0.161195316
0.163839146
0.151890999
0.110093381
0.099292119
0.030241724
0.033864742
0.034226004
0.033207321
0.050617294
0.113482481
0.127080174
0.108028979
0.119653585
0.188683138
0.166758419
0.121102667
0.05883641
0.054261206
0.054402221
0.055412665
0.053549087
0.08876798
0.095356649
0.097750685
0.076450351
0.073266876
0.066194158
0.118730109
0.124352355
0.101878775
0.099366065
0.056334959
0.054839498
0.053776248
0.05666896
0.057536009
0.057787369
0.082317365
0.101834408
0.101935481
0.086331006
0.074329312
0.061401903
0.028114036
0.070541271
0.118234737
0.084311868
0.062039982
0.067270697
0.069159156
0.067452762
0.07365204
0.18067842
0.195360277
0.182884084
0.1812243
0.170369754
0.170509137
0.151130344
0.144274572
0.150588798
0.148465218
0.131475624
0.127328047
0.116093228
0.08529836
0.031225663
0.030847543
0.071599513
0.089646511
0.093606041
0.019085946
0.053850348
0.094067134
0.054658253
0.021576818
0.089015266
0.09566261
0.08485307
0.057008217
0.018849576
0.021179531
0.02105436
0.019790683
0.018987477
0.018176582
0.018265463
0.016464111
0.01770325
0.018193146
0.018422706
0.018019839
0.018618646
0.019329654
0.020802524
0.021006991
0.022997789
0.022723538
0.022512575
0.021070362
0.019712989
0.016352705
0.013085411
0.012304061
0.014449352
0.014338161
0.015687156
0.018216966
0.019556067
0.019002877
0.014237672
0.012923409
0.011150434
0.011106524
0.01117627
0.011410115
0.011148226
0.011313101
0.01127259
0.01126337
0.013796315
0.01420807
0.016167626
0.01324841
0.013433363
0.016129788
0.015891382
0.018212763
0.015414389
0.02233235
0.023440293
0.021339233
0.019436006
0.01662402
0.016461906
0.01620125
0.018567519
0.019203456
0.020502025
0.022815868
0.0224465
0.021824546
0.020397877
0.018361469
0.019921754
0.021517022
0.021869932
0.022143803
0.019241688
0.013442327
0.013455487
0.012681619
0.010450817
0.011403961
0.012767262
0.013150174
0.012288725
0.010835649
0.010911512
0.010774741
0.010845014
0.010753715
0.01147644
0.011277233
0.01147467
0.010428074
0.00874466
0.013226356
0.014226729
0.014302748
0.013099421
0.01337834
0.01428002
0.01543115
0.016454818
0.015570386
0.016823008
0.016177803
0.016375079
0.017191818
0.017569221
0.018003233
0.016254001
0.014199047
0.015071572
0.015808446
0.016392792
0.014559881
0.011674548
0.011923587
0.01178308
0.011868706
0.012052326
0.011567187
0.012196381
0.011879128
0.013875026
0.013824957
0.013771892
0.011635667
0.009269052
0.008696016
0.011273489
0.012704031
0.013184997
0.011053381
0.014550309
0.015568511
0.015538001
0.016900274
0.017066234
0.014419741
0.013270697
0.009113428
0.010237002
0.011212086
0.0112583
0.011424087
0.008828828
0.0087571
0.008800838
0.008689237
0.008776328
0.008718356
0.008738808
0.008898382
0.010052842
0.011428894
0.011195395
0.011506619
0.010314508
0.01516613
0.018451996
0.018186772
0.017367403
0.015539109
0.013305021
0.015720313
0.015148779
0.013787577
0.013016914
0.009076972
0.008781784
0.008763647
0.008526543
0.008641155
0.010254092
0.011242735
0.011140213
0.011483882
0.011404592
0.009114971
0.00885348
0.008757747
0.008791313
0.008698703
0.010889516
0.010931181
0.011089755
0.013339769
0.016305901
0.016582708
0.019819205
0.017985796
0.017336225
0.01878138
0.017386671
0.019181703
0.014828996
0.013872891
0.01279217
0.011108455
0.011056745
0.010952374
0.011026389
0.01087151
0.011035268
0.011077626
0.013469873
0.013955078
0.014668358
0.01476307
0.014320037
0.015623922
0.015743434
0.015796837
0.016090278
0.016826259
0.015319197
0.016023539
0.018122117
0.019099033
0.021718971
0.020997938
0.019864712
0.018534546
0.016972548
0.01743602
0.018691777
0.0197666
0.019471522
0.018229744
0.014466614
0.013931879
0.014437057
0.018460549
0.019268854
0.019313364
0.018010585
0.016669803
0.016806731
0.019490582
0.017301984
0.018000057
0.019572456
0.019580229
0.019509604
0.022079029
0.022248036
0.021526712
0.10407473
0.08800487
0.054746881
0.036017427
0.061125934
0.060891366
0.04099945
0.165312336
0.125732575
0.050345323
0.083955043
0.080000738
0.07814839
0.054426868
0.055871962
0.089342084
0.106728522
0.133070274
0.083704139
0.095006732
0.079263624
0.032777412
0.195867187
0.211647695
0.097410404
0.042792428
0.068685603
0.064455683
0.035375998
0.085311639
0.158492037
0.168146212
0.124181255
0.125774349
0.114876434
0.072285932
0.059028494
0.039888226
0.076586214
0.094837178
0.131988647
0.103315926
0.140802789
0.102536114
0.053611003
0.073556671
0.154752775
0.129863183
0.079491099
0.083906218
0.113938394
0.108895225
0.093115394
0.080155689
0.065131071
0.042486797
0.033178055
0.074321152
0.127280337
0.166347823
0.114483624
0.025634328
0.028639961
0.041467098
0.160802464
0.151804071
0.074061683
0.069450217
0.081745363
0.076184151
0.056103282
0.054354027
0.041386916
0.062588581
0.071190064
0.065775164
0.053888508
0.041542834
0.040839463
0.031366628
0.022564474
0.022168179
0.016711759
0.016321558
0.014509061
0.014067975
0.014073451
0.017930632
0.019127007
0.019741448
0.020060573
0.026746032
0.031052485
0.032444677
0.030984925
0.063212191
0.072637797
0.067786344
0.074715484
0.075499344
0.075319195
0.071138731
0.064495678
0.062729645
0.062689231
0.062692047
0.064236031
0.070820094
0.088428305
0.087994816
0.032304711
0.028826655
0.093220908
0.099872115
0.085104933
0.087924523
0.079823583
0.09759785
0.087928693
0.087240366
0.090046017
0.086318135
0.074917414
0.017840334
0.058940846
0.058450978
0.01788721
0.018909008
0.023339799
0.024755578
0.022811462
0.022272763
0.019606331
0.017848941
0.017992884
0.052302083
0.051332261
0.035276539
0.021845183
0.020763346
0.021620433
0.020845093
0.021469158
0.023188232
0.021237892
0.020278585
0.082379773
0.078471026
0.016986945
0.022836797
0.019224652
0.019071818
0.028592809
0.079376167
0.082846169
0.0204717
0.021031105
0.022938557
0.023074491
0.022590681
0.023841564
0.037082212
0.045332457
0.046448432
0.034558764
0.043942923
0.096402343
0.112328977
0.11717593
0.089814608
0.094395477
0.091388821
0.089508511
0.033036998
0.025814457
0.112848252
0.094358474
0.064720648
0.070374299
0.065178475
0.066520575
0.078348213
0.086136187
0.122335829
0.150647997
0.147458046
0.116358447
0.097461312
0.079787552
0.070622392
0.098414408
0.203976309
0.192957396
0.188356587
0.234085099
0.217410973
0.165436024
0.110941253
0.11213674
0.105120264
0.10524072
0.109345274
0.102997159
0.117029073
0.122127513
0.117692937
0.114383705
0.117174161
0.107558418
0.107157838
0.099073316
0.106269473
0.101377607
0.05732949
0.024442168
0.025937118
0.026342192
0.02316938
0.023963012
0.026456376
0.056570866
0.087826499
0.048186895
0.033516402
0.033173446
0.04163626
0.041397843
0.034313776
0.054667865
0.054204348
0.056032536
0.05418977
0.058630894
0.056676541
0.051626325
0.063512142
0.047208173
0.05659495
0.051207749
0.051163697
0.126384167
0.118445668
0.086753015
0.038146928
0.134670767
0.122139487
0.04953898
0.092941878
0.111133448
0.123213428
0.068603522
0.052950459
0.055564405
0.054193342
0.075559384
0.095810144
0.082741638
0.032866361
0.055788704
0.030035979
0.052708956
0.051132196
0.042732511
0.048976528
0.045350645
0.039532809
0.041295454
0.035732724
0.04441622
0.071870006
0.094906033
0.061314327
0.058590134
0.034064691
0.057267264
0.039059813
0.047776784
0.03740021
0.052702327
0.0485458
0.054407719
0.050861004
0.051220887
0.039655583
0.053293728
0.035546825
0.061571093
0.038014685
0.046897662
0.049606848
0.033459688
0.044838957
0.027159857
0.057476321
0.056204752
0.057474563
0.05679133
0.054985008
0.057558058
0.057340072
0.06011737
0.066250586
0.067051269
0.070939157
0.071160923
0.076487127
0.055800577
0.036282478
0.029958888
0.021478385
0.023059301
0.022319132
0.05553484
0.174680383
0.175848894
0.180194471
0.195136195
0.24110351
0.21205833
0.140912803
0.110696311
0.027773195
0.038379492
0.094110207
0.089908247
0.09055119
0.093990362
0.086939115
0.092975805
0.092657387
0.097698069
0.094419967
0.098451521
0.09890663
0.091827081
0.089222423
0.070952835
0.061748602
0.046504625
0.028338607
0.02807416
0.061947052
0.065160293
0.058853734
0.058816231
0.062848924
0.061248821
0.06376739
0.06086892
0.065225504
0.06317378
0.040020092
0.030721131
0.028076843
0.028098317
0.02843533
0.027283683
0.024165388
0.023034252
0.023157191
0.022824275
0.023023789
0.021898907
0.021731487
0.022479128
0.021775288
0.021394658
0.023079015
0.024612042
0.023864324
0.026775426
0.02874286
0.029183349
0.034293723
0.033407739
0.038718798
0.040952747
0.037279502
0.032597287
0.02813377
0.05918524
0.097396546
0.085050199
0.056656876
0.055957193
0.05527796
0.054242166
0.052127563
0.053109073
0.060425977
0.156459065
0.134072276
0.103901842
0.083554727
0.082929549
0.074119359
0.063878921
0.06356662
0.137558682
0.143003606
0.116789346
0.075659827
0.073486335
0.054965605
0.063860231
0.189064515
0.167414614
0.16358096
0.150143587
0.147101377
0.125211564
0.153177608
0.158631548
0.102910249
0.090650058
0.077342998
0.049798208
0.060470208
0.068769582
0.154797269
0.158144244
0.121563083
0.097732299
0.076505771
0.078628503
0.071219281
0.072061317
0.090065362
0.119431439
0.113985701
0.112116288
0.101832222
0.09565777
0.083531457
0.07654861
0.03517842
0.03400934
0.034146378
0.036302895
0.032852369
0.034579831
0.031691878
0.037150459
0.040236788
0.041877894
0.042353622
0.04032691
0.038239548
0.035056692
0.036201863
0.033669201
0.033905997
0.033655117
0.035275462
0.033522961
0.033381013
0.034240309
0.033464685
0.033710912
0.033927087
0.071096726
0.056071354
0.061976224
0.065510937
0.062942329
0.058711941
0.082894544
0.105615379
0.106931671
0.111536731
0.093998859
0.107966546
0.078777808
0.067372813
0.060080494
0.067600369
0.043682043
0.044967917
0.050521142
0.060640368
0.065940244
0.043031364
0.066738552
0.039763556
0.063819757
0.043652547
0.050940777
0.048122113
0.051253653
0.048808099
0.045267124
0.041598792
0.049212913
0.048323597
0.044472826
0.06007456
0.03558421
0.046317717
0.046437724
0.036650505
0.043446961
0.039274557
0.041018963
0.036240513
0.047296345
0.033917545
0.047781787
0.032560005
0.045993954
0.039802146
0.044909889
0.019333878
0.019074521
0.019406416
0.017863571
0.015279173
0.01535742
0.015497253
0.015350685
0.014461684
0.013188773
0.012980192
0.018942297
0.018145154
0.016861175
0.016797399
0.01309013
0.012246924
0.012108067
0.012216649
0.012308289
0.012083397
0.011366104
0.009802724
0.010113007
0.012795224
0.020446611
0.023597309
0.024943168
0.016766013
0.014012306
0.012013379
0.011643006
0.011227459
0.012124478
0.011330084
0.012675111
0.013960304
0.011636451
0.010431492
0.008771586
0.010292058
0.011291898
0.011349691
0.010465308
0.008653052
0.008843848
0.011497215
0.015125521
0.01597421
0.016457977
0.014155845
0.013728232
0.013848453
0.01296537
0.014088159
0.019812976
0.01896205
0.018080022
0.01582197
0.013843334
0.014002089
0.013880957
0.014147878
0.012129994
0.014288977
0.01693803
0.016836257
0.016489491
0.01269317
0.01431813
0.014765406
0.016558413
0.014608978
0.01356969
0.013740639
0.013483328
0.013765222
0.011827134
0.014433537
0.012911239
0.011521905
0.011265899
0.009153226
0.008746675
0.01001991
0.011013279
0.016345515
0.016159789
0.01613871
0.014113749
0.010867418
0.010865322
0.009086578
0.011498004
0.01335841
0.01362606
0.012546094
0.013592328
0.014895492
0.015697987
0.015070356
0.011378065
0.008927684
0.008638754
0.008652423
0.008576563
0.008706214
0.008781829
0.011481945
0.011267466
0.011314518
0.009985911
0.00880804
0.010237742
0.010648865
0.010746248
0.014884615
0.015814962
0.018321815
0.01719759
0.013369545
0.012430463
0.01349597
0.01341185
0.011750704
0.010462745
0.011158294
0.011280628
0.012694471
0.016489913
0.016239661
0.016269551
0.015479128
0.011746975
0.011479932
0.013284994
0.015131396
0.014897995
0.015694991
0.015301916
0.014490209
0.015824549
0.016632403
0.016688867
0.016549396
0.017265352
0.017063599
0.016011732
0.014024031
0.014937588
0.014841151
0.015355606
0.014707502
0.014155421
0.015161546
0.014861619
0.015127474
0.014221487
0.01223865
0.012271401
0.014875871
0.015904886
0.015785671
0.018211728
0.020863325
0.020928609
0.022228892
0.022220396
0.020204002
0.019182024
0.016399415
0.015049882
0.013214506
0.013170672
0.012949596
0.012815878
0.014464277
0.015346437
0.015552236
0.015458986
0.015066976
0.013011005
0.013062213
0.014511694
0.015621611
0.015410614
0.018025595
0.015945041
0.015540788
0.01784043
0.018591747
0.018200516
0.016937923
0.015616544
0.015342462
0.014300558
0.014720285
0.014951008
0.015240814
0.013784533
0.014169415
0.012562222
0.013213689
0.012945916
0.0141666
0.014231121
0.013779321
0.013836161
0.016581214
0.019501342
0.019061709
0.019100301
0.018101792
0.022386298
0.066387991
0.094248323
0.055180474
0.03959695
0.058935017
0.066371918
0.033307824
0.067375232
0.115472962
0.126095313
0.08645071
0.087443084
0.130983663
0.140202296
0.071741761
0.056770661
0.124089556
0.157662773
0.083753865
0.081834606
0.089677547
0.097512803
0.085141427
0.055019664
0.054907331
0.075413993
0.081602464
0.064097014
0.086203755
0.135774766
0.101500462
0.054766905
0.038328014
0.064483703
0.060320954
0.026942665
0.02725563
0.040632982
0.072897996
0.07106174
0.056948794
0.040505888
0.075236102
0.049975471
0.01714304
0.050615789
0.065442927
0.041365793
0.023057391
0.015287248
0.091884048
0.173236326
0.131085171
0.041475827
0.020770058
0.020920167
0.066990039
0.096781313
0.089353969
0.021191597
0.03370746
0.06741425
0.063143842
0.061943574
0.052363667
0.041444377
0.041017472
0.031898847
0.057422041
0.109442086
0.11934908
0.084603537
0.095434161
0.118478086
0.109866782
0.091149842
0.072171677
0.082130413
0.121855998
0.12691741
0.111168516
0.079830223
0.102273243
0.1089069
0.112743355
0.07176343
0.063081626
0.057620308
0.018102611
0.014471364
0.099268132
0.139070925
0.143726754
0.092062418
0.055343738
0.03974011
0.067421893
0.064107556
0.046508746
0.075918952
0.073996405
0.096764106
0.090415776
0.089088078
0.045754032
0.04276723
0.039711898
0.016796134
0.021383166
0.054490914
0.067369215
0.080507621
0.144668603
0.167660156
0.159950801
0.157187702
0.147673584
0.106235477
0.068007061
0.022828615
0.021356672
0.086941386
0.087524
0.022726363
0.022648351
0.021992107
0.018495194
0.022819888
0.022232906
0.020326194
0.02083098
0.023720688
0.025586081
0.023993503
0.023888835
0.035388294
0.071081973
0.069372325
0.068148837
0.067314685
0.068689613
0.069289178
0.07145077
0.067190425
0.073083109
0.074015612
0.067465383
0.089834595
0.089713771
0.046564297
0.046608195
0.041989453
0.044169965
0.049580896
0.048034358
0.048208939
0.041898259
0.029772205
0.027868073
0.032030553
0.029883562
0.026957267
0.024911068
0.032646084
0.044434479
0.0518987
0.051212822
0.050124853
0.048861124
0.04672146
0.138620355
0.099534482
0.075278445
0.076175715
0.076846698
0.066001015
0.068369145
0.06592187
0.101077197
0.112177658
0.110448616
0.083258811
0.115550567
0.140383785
0.087936822
0.024178092
0.019697569
0.021405416
0.021564382
0.021484348
0.020210534
0.016706755
0.016637729
0.016783423
0.014396247
0.011829449
0.010821652
0.063497526
0.050382109
0.021813251
0.021147087
0.011136533
0.009645518
0.009902707
0.012335022
0.012934064
0.094262526
0.092807755
0.089072216
0.167755199
0.173352384
0.178857333
0.187674831
0.187514658
0.137452689
0.135502208
0.12951599
0.14423838
0.144068721
0.135165876
0.134663627
0.13637556
0.140839847
0.152615851
0.17513682
0.165089172
0.141729253
0.101746673
0.089565414
0.019136981
0.018340403
0.02015962
0.020745356
0.022015298
0.025158562
0.02290353
0.020201141
0.019555144
0.018000512
0.01793001
0.016373779
0.015492826
0.015918064
0.01526207
0.015726796
0.018253085
0.02548539
0.03648038
0.034194837
0.03246651
0.034218992
0.029299964
0.027847414
0.020173045
0.020553826
0.020374673
0.020551462
0.019734866
0.035055887
0.048639036
0.032445623
0.018582732
0.019517144
0.019554745
0.02481503
0.026599077
0.024126522
0.022471989
0.020889248
0.083717464
0.079434399
0.018076173
0.077034303
0.077784941
0.020950418
0.023337046
0.023045993
0.083619113
0.072949813
0.030851642
0.029407592
0.031445791
0.032633101
0.028880764
0.015347871
0.015893137
0.015974127
0.019860285
0.020628346
0.035006663
0.035311875
0.033337367
0.034152702
0.037587909
0.025180039
0.020249123
0.023936418
0.024272056
0.021137329
0.017896128
0.016172221
0.014069216
0.013645222
0.01444167
0.015648715
0.016373168
0.01714099
0.017695054
0.020543307
0.021145067
0.021018238
0.020938667
0.022297386
0.020864554
0.022804471
0.024398503
0.02615947
0.027196575
0.025761751
0.025801109
0.026387598
0.025460373
0.022895067
0.018385343
0.016393778
0.016420132
0.016376454
0.018137539
0.019938458
0.019705027
0.037769076
0.044540911
0.05243138
0.052675041
0.056523568
0.064436401
0.052782334
0.06180655
0.066497902
0.064947607
0.073386271
0.068613255
0.056916822
0.06241714
0.104743811
0.125535417
0.139032301
0.125927678
0.121550188
0.144421823
0.050875393
0.06334287
0.043457085
0.051224501
0.043236044
0.058444312
0.07656267
0.136722121
0.081690538
0.064158758
0.136485368
0.237480444
0.12943975
0.133195965
0.179824551
0.16477447
0.138669482
0.098293384
0.100483244
0.147932419
0.139048098
0.149418369
0.11867419
0.119837836
0.092966096
0.081429771
0.055452885
0.048337254
0.054580311
0.056823568
0.048136851
0.063526578
0.04778362
0.052228062
0.061519267
0.075135635
0.080797811
0.162470024
0.277630047
0.264180901
0.252713502
0.338860903
0.350942773
0.311777459
0.293037771
0.290871231
0.263889605
0.081267944
0.083024562
0.112105764
0.1557838
0.155964536
0.096116394
0.094454815
0.081349006
0.077160897
0.033775776
0.222613784
0.235231153
0.225233185
0.228867961
0.237238582
0.224714044
0.279702821
0.279158771
0.244248048
0.226058186
0.052484685
0.052270517
0.049629025
0.050806342
0.047349132
0.044811869
0.077258645
0.177220432
0.17145306
0.229566448
0.282019384
0.30442598
0.30043324
0.284906335
0.297293358
0.381845983
0.408121463
0.380188482
0.34049122
0.330710127
0.127287397
0.103128976
0.093995414
0.068567274
0.046753113
0.067857191
0.087320035
0.087741963
0.087304885
0.072009712
0.076662483
0.065583149
0.054370354
0.069515177
0.06557783
0.071995639
0.066335818
0.065639956
0.029792273
0.028463209
0.031609178
0.03490986
0.036099756
0.04142246
0.040077812
0.040676691
0.041609217
0.038397971
0.043646329
0.040931918
0.036640909
0.094348395
0.090741278
0.028844887
0.029442701
0.029075017
0.029189136
0.032670261
0.031461822
0.031155868
0.029371321
0.026907157
0.027867412
0.026296211
0.026775258
0.02636932
0.028199465
0.029456335
0.028909225
0.02916901
0.02908386
0.028535423
0.031058949
0.029595405
0.028326607
0.023565661
0.023031304
0.023577161
0.025157191
0.029372898
0.029393224
0.028206408
0.025160732
0.02198755
0.022023474
0.02113153
0.020700869
0.021779557
0.023621983
0.024133273
0.02341843
0.022638246
0.022285266
0.023978111
0.024854589
0.02519166
0.024505921
0.023161522
0.019905561
0.020114842
0.01809565
0.019220019
0.022660563
0.023353195
0.022119722
0.020639541
0.016845957
0.019144214
0.024172695
0.025416312
0.026622179
0.024832166
0.02036803
0.019144214
0.011345304
0.011218015
0.013948693
0.011369052
0.012438767
0.013331936
0.013507427
0.016623459
0.017045543
0.016012947
0.016073073
0.013102574
0.013348758
0.013488665
0.013316989
0.011076199
0.008746755
0.008784233
0.008645367
0.008841242
0.008735911
0.008726077
0.008894213
0.008804288
0.009940118
0.011171933
0.010986716
0.011039261
0.013675957
0.014720287
0.014096529
0.013695872
0.011625758
0.011742033
0.01132435
0.011363556
0.008946879
0.011481878
0.011248502
0.013476666
0.015402585
0.013387241
0.013634774
0.012564129
0.012317952
0.013495005
0.013385701
0.01566651
0.013231688
0.0111758
0.010767315
0.010856019
0.010959488
0.010904796
0.010742526
0.010801865
0.008909165
0.008805606
0.010154643
0.011321071
0.011090662
0.013880927
0.014300269
0.0137484
0.013909843
0.009446032
0.0086696
0.010062323
0.01131778
0.011417322
0.01119771
0.010358384
0.014049416
0.013436614
0.013469565
0.012414211
0.012318113
0.013967989
0.015767935
0.014695955
0.011337972
0.010861732
0.010727327
0.010867651
0.010760546
0.010782684
0.009139548
0.008759013
0.008744355
0.011371689
0.011467886
0.011421991
0.011198
0.010493764
0.013943752
0.013915908
0.014013485
0.011702377
0.009121879
0.008613849
0.014695938
0.013965831
0.017085307
0.020531997
0.019557265
0.018211584
0.01468716
0.013888844
0.015264647
0.016290171
0.016068538
0.016235916
0.014144331
0.013880773
0.013817261
0.013893622
0.013800531
0.012080242
0.011572149
0.01191288
0.014521417
0.014456715
0.014314473
0.016033882
0.014028941
0.014529613
0.013473401
0.014412304
0.014237111
0.014032036
0.012865031
0.012706361
0.013236448
0.01606321
0.017169098
0.017380888
0.015615693
0.01406303
0.014908842
0.015759675
0.016200903
0.016293729
0.015077079
0.01422004
0.014000629
0.014214236
0.014133751
0.012213078
0.01314149
0.012859099
0.013084614
0.013333495
0.017408628
0.018505633
0.018736223
0.018324158
0.013627545
0.014417685
0.015487747
0.016995448
0.023643934
0.022905321
0.024372042
0.022572371
0.021186705
0.01932444
0.018989002
0.017439673
0.017469704
0.019851999
0.020035499
0.020056377
0.020236293
0.020033278
0.02012737
0.019698112
0.019374465
0.019053929
0.035580373
0.051492255
0.050786126
0.133097403
0.118137218
0.086376276
0.073477359
0.103866433
0.103069401
0.031881524
0.034069945
0.033219594
0.048313306
0.077690365
0.087712887
0.208545345
0.142001853
0.051803604
0.051279987
0.033208574
0.032349256
0.039183133
0.092050652
0.19866902
0.133320426
0.084706099
0.062721814
0.197715181
0.176235075
0.082759705
0.065658277
0.138927552
0.125209061
0.057611493
0.056583996
0.085305691
0.125223732
0.151178264
0.129883803
0.073271965
0.061696585
0.030302796
0.037263421
0.107791795
0.117795143
0.052288978
0.028089818
0.017817498
0.016553164
0.016137077
0.014444978
0.016625284
0.016397429
0.016377659
0.016090403
0.018610703
0.018408776
0.017541714
0.017803082
0.014796802
0.09082229
0.152588645
0.10843946
0.060502733
0.103959118
0.0780033
0.045955513
0.056522286
0.187456142
0.275922497
0.195119532
0.157720664
0.141187235
0.105199231
0.100492351
0.083127448
0.072274056
0.097888512
0.143316725
0.128779899
0.127948431
0.154696646
0.144865976
0.074655413
0.022486664
0.016826238
0.057243402
0.129433867
0.181313012
0.087590423
0.103950672
0.126061664
0.097272376
0.064501095
0.172591349
0.199989706
0.148582995
0.103901881
0.14769654
0.16184959
0.163285069
0.181617011
0.169260177
0.142085105
0.164500697
0.142997215
0.152424135
0.143003058
0.123179201
0.134722885
0.185143324
0.19448842
0.28874709
0.223427415
0.111380342
0.105194478
0.110211654
0.1427017
0.14051822
0.108300122
0.158682372
0.159662236
0.098439645
0.058523638
0.073520812
0.045390823
0.053733963
0.061752494
0.046321132
0.051836662
0.094719367
0.131577059
0.170850508
0.176020237
0.241633615
0.241367581
0.206987768
0.11680991
0.096189558
0.113028604
0.175025551
0.147841927
0.152207147
0.145735392
0.21423267
0.301903624
0.138908091
0.097077276
0.110099262
0.121718641
0.102429986
0.085199875
0.085003007
0.084576878
0.133996951
0.182047393
0.181513983
0.114231036
0.121959986
0.163206307
0.101200002
0.073189442
0.08561779
0.219024793
0.189313033
0.12051062
0.087265054
0.088479319
0.081017103
0.085228298
0.120439427
0.126642624
0.115496234
0.099455155
0.100641883
0.078878627
0.044558326
0.039719064
0.0386727
0.070802334
0.110967234
0.070499039
0.04195448
0.081072244
0.126185333
0.102509962
0.115297207
0.144487541
0.168490817
0.183843812
0.139571918
0.093753885
0.093011867
0.092155758
0.164029388
0.17352419
0.159070835
0.171156662
0.196810233
0.163609697
0.150386297
0.136967004
0.13414424
0.148040316
0.160357183
0.137525828
0.144395654
0.134724485
0.139943392
0.064571206
0.062931607
0.059804291
0.065428317
0.063198993
0.061078841
0.059044979
0.063340418
0.061967937
0.062217569
0.061717003
0.055490864
0.058630685
0.059765079
0.061453841
0.066826841
0.061307994
0.062461696
0.061201927
0.028152472
0.028644023
0.033218679
0.034254691
0.032896487
0.0312073
0.030299855
0.028325018
0.026017203
0.028645884
0.02438329
0.024932136
0.026464663
0.027656739
0.025480581
0.031622739
0.031407794
0.03289178
0.026819173
0.023176274
0.022533485
0.022573332
0.024400867
0.024775294
0.025105507
0.025281729
0.024881878
0.027847149
0.026513351
0.029443532
0.025950631
0.023417736
0.018575279
0.018238066
0.01857016
0.020588669
0.020437564
0.027379545
0.033361366
0.033225143
0.033374104
0.032258139
0.02582261
0.055377379
0.05434801
0.056393097
0.054695551
0.058849835
0.053090409
0.047565331
0.060294383
0.044882081
0.054697058
0.057471949
0.049460218
0.057134
0.049118156
0.056996662
0.062818676
0.055598726
0.059735019
0.051798218
0.054342881
0.056718861
0.035389442
0.058069945
0.042825682
0.061759418
0.068211175
0.057731907
0.059303717
0.057224938
0.051969787
0.050145585
0.053418074
0.050817883
0.053040872
0.056803363
0.034837772
0.057362122
0.042277368
0.045767714
0.039253238
0.047544259
0.042873662
0.047448387
0.043109977
0.046621938
0.035750359
0.054737981
0.032992721
0.055757839
0.052070613
0.063202001
0.052967133
0.063437209
0.064517867
0.067653595
0.059777388
0.056738006
0.050797853
0.067173997
0.048927664
0.063669854
0.05015288
0.060683274
0.044011608
0.053798686
0.046384627
0.042852208
0.02840116
0.032549067
0.032020841
0.032592089
0.029918401
0.028976224
0.03015057
0.031197022
0.033770743
0.034355779
0.036168488
0.07378142
0.069245366
0.036379253
0.03302754
0.032209301
0.031653691
0.034813979
0.036586516
0.03608926
0.032241497
0.029990087
0.032450605
0.031646537
0.032746867
0.052189425
0.064687371
0.063692913
0.06033259
0.064994439
0.064577839
0.05970612
0.078561548
0.066596128
0.076328863
0.078508731
0.071423659
0.107593136
0.211191353
0.173185421
0.132577251
0.119710234
0.124266059
0.104876482
0.121132419
0.130319605
0.18177002
0.192127654
0.242078761
0.232638841
0.198688956
0.168795953
0.206024064
0.267539685
0.257684274
0.269134498
0.270858508
0.243287764
0.250664742
0.226834466
0.255636906
0.249313168
0.294896208
0.250093582
0.305461256
0.285631814
0.229487311
0.173007661
0.17378715
0.117936094
0.126089926
0.116813643
0.127199648
0.13578247
0.122673642
0.119707985
0.117437594
0.136605307
0.120396951
0.098266117
0.068410809
0.05382912
0.044941573
0.029016387
0.026795825
0.026175336
0.027809256
0.027893202
0.019919656
0.019887076
0.02269807
0.023831613
0.027998744
0.02662734
0.026553462
0.027765171
0.026295277
0.0257251
0.055051555
0.083699972
0.052102571
0.022819247
0.023458503
0.023389158
0.026711661
0.027161273
0.024032296
0.023258267
0.043610303
0.073386977
0.061705686
0.02994954
0.027849504
0.025330236
0.017754484
0.064140537
0.120409144
0.093608013
0.087547298
0.070889511
0.067236679
0.077956176
0.110660415
0.135758155
0.108003331
0.09327154
0.082481259
0.069985067
0.028243732
0.01886524
0.018037316
0.016259995
0.017543685
0.018547655
0.018554772
0.018804161
0.021352403
0.021111066
0.020974877
0.043064421
0.038729735
0.029903785
0.018755404
0.017899683
0.033973439
0.035118618
0.027983577
0.019485781
0.02082905
0.071608608
0.067176203
0.0436006
0.023565835
0.023258866
0.022859788
0.022731061
0.020773684
0.023095595
0.056726411
0.055202018
0.03718929
0.018354742
0.016629862
0.016662302
0.016943532
0.016844626
0.018568486
0.019220108
0.018233822
0.017254356
0.014600149
0.016116745
0.015607985
0.014154732
0.014104992
0.013856382
0.012268831
0.011915649
0.011481814
0.011522441
0.011260967
0.012024929
0.012341535
0.011120643
0.011216762
0.009090024
0.008899304
0.008904432
0.0142067
0.018406055
0.018554141
0.017712458
0.012904136
0.010836811
0.010985792
0.012124961
0.012402322
0.011335793
0.011154321
0.009111066
0.008672041
0.011889105
0.013498347
0.013548439
0.020019948
0.018425981
0.017211791
0.017003707
0.015042776
0.013713648
0.012123449
0.011694462
0.011356491
0.011725842
0.011334445
0.011547581
0.011785141
0.014420653
0.013341217
0.014165447
0.013716095
0.017943347
0.02008721
0.018446613
0.016116345
0.014140553
0.01279904
0.013396146
0.013339778
0.01348934
0.010386623
0.011389703
0.01126605
0.012895193
0.012688782
0.011556234
0.01041359
0.008724823
0.008645719
0.008718429
0.008731731
0.008757905
0.009004395
0.00885269
0.00872981
0.010390149
0.01235223
0.012626164
0.012924351
0.017138271
0.0208344
0.019727487
0.016244931
0.012314063
0.00971033
0.008744518
0.008598566
0.011334821
0.011278165
0.011317
0.011354205
0.009276084
0.011519171
0.011232863
0.012726313
0.013078647
0.011332471
0.011309568
0.010284268
0.008668076
0.008751497
0.008705005
0.008751645
0.012870425
0.015709507
0.016882812
0.018240795
0.015485246
0.016958264
0.015578103
0.012931642
0.010250431
0.008692747
0.008688687
0.008813986
0.008811372
0.008742251
0.008888354
0.008734107
0.011273205
0.011364357
0.011279913
0.012792808
0.01173679
0.011442594
0.012644841
0.011721838
0.011333933
0.011344667
0.01044904
0.011686462
0.014464223
0.015785935
0.015587564
0.015700097
0.017418043
0.015766713
0.015961415
0.013932016
0.011284685
0.009161819
0.008725608
0.008729255
0.008765609
0.008674205
0.008859856
0.008727756
0.008898814
0.010000671
0.012726698
0.013765449
0.01290321
0.010295169
0.008751166
0.011572222
0.013151563
0.013284373
0.011323912
0.01174601
0.013175714
0.014426823
0.015541582
0.013410911
0.012591349
0.010869292
0.015672825
0.013432727
0.013417665
0.012483046
0.012273139
0.013379303
0.013727681
0.014325552
0.013947919
0.01232401
0.013722603
0.016420537
0.01757204
0.016506552
0.01466325
0.012501118
0.01431945
0.01600948
0.016694511
0.017378341
0.019546306
0.021336276
0.021069936
0.019484103
0.020851652
0.022044698
0.021598214
0.022042832
0.019537983
0.019151928
0.021106327
0.02058182
0.021294072
0.018409651
0.0180101
0.017862822
0.019047459
0.020838254
0.020383467
0.021043898
0.019728585
0.020751467
0.021338672
0.019084015
0.018877009
0.018268304
0.020481963
0.021821653
0.021152753
0.019150616
0.016768178
0.01637705
0.016489648
0.01601811
0.01611323
0.014608842
0.014246264
0.013779518
0.013789209
0.092930496
0.15411442
0.110122573
0.022321962
0.026476828
0.026975814
0.10472678
0.079628354
0.04737841
0.041898701
0.103333001
0.09122752
0.075253603
0.214866969
0.20852468
0.147071194
0.108441782
0.137910535
0.110483923
0.092517926
0.156325069
0.147380501
0.171244539
0.174295521
0.14184046
0.075759406
0.062979015
0.093092775
0.116302534
0.087429525
0.110510606
0.101140468
0.069272915
0.038833
0.022862839
0.02909812
0.068929079
0.06364938
0.023898198
0.019811035
0.015890501
0.01582456
0.018964569
0.018574593
0.020019157
0.019663006
0.017849968
0.017215349
0.018483549
0.019024926
0.019455843
0.017343229
0.016409025
0.016351493
0.016397213
0.016601208
0.019611011
0.021600651
0.021286975
0.020954033
0.018256634
0.019146665
0.020513718
0.020337194
0.021097794
0.020558639
0.029950802
0.0686289
0.067235214
0.067091545
0.112333178
0.140310102
0.106357408
0.088670056
0.117510426
0.243652884
0.221289089
0.157646904
0.130608511
0.166230741
0.162674839
0.15651047
0.154419801
0.163206344
0.135932843
0.116613533
0.143585534
0.131012299
0.068962758
0.03975328
0.02275602
0.024149583
0.019758652
0.019806962
0.018182766
0.019300243
0.018990678
0.063552186
0.090034239
0.056909206
0.037614498
0.055772426
0.079278447
0.084658892
0.086456561
0.07017359
0.073013026
0.073311729
0.04772069
0.044418883
0.032270752
0.02325393
0.03018875
0.073123466
0.067115522
0.027926867
0.024384001
0.019842526
0.020345579
0.018107811
0.017356518
0.015818433
0.017931017
0.028556949
0.06694754
0.066534061
0.064179415
0.063728469
0.135881477
0.141162996
0.097511754
0.079806796
0.131218752
0.133839722
0.133548271
0.136566264
0.150493964
0.153236756
0.172985289
0.044843449
0.022584738
0.02332215
0.023969053
0.023401343
0.022305191
0.026076383
0.024880178
0.021217797
0.022336571
0.024240652
0.02495494
0.024152127
0.023583572
0.022539291
0.025681696
0.027064767
0.030924137
0.028929646
0.02857599
0.02778779
0.028502808
0.026958163
0.027073656
0.026629661
0.024848397
0.022078823
0.023149873
0.026002372
0.026879872
0.056095556
0.082956821
0.083990134
0.1224419
0.119033917
0.090990493
0.079187789
0.136343425
0.135380087
0.068603077
0.068453583
0.07361442
0.072777061
0.106334285
0.115816733
0.110992892
0.10876086
0.095761371
0.093955494
0.086909972
0.074971558
0.056405085
0.025046096
0.0212054
0.023571741
0.023292923
0.022069963
0.021266627
0.023539912
0.021323639
0.020643422
0.018356135
0.019169444
0.019594253
0.022589416
0.015022799
0.014312868
0.014839375
0.012932041
0.011975625
0.024675511
0.054220574
0.034441943
0.016501476
0.015659673
0.016411121
0.019163256
0.021725721
0.020167791
0.018113355
0.015450639
0.015412375
0.014676987
0.013524234
0.013210481
0.016260241
0.015911437
0.016185471
0.015937957
0.014167084
0.013970787
0.016801746
0.015844485
0.01558142
0.014378717
0.013537123
0.018153155
0.019312523
0.021193489
0.022694281
0.020614019
0.019398813
0.016356805
0.015579758
0.015135549
0.01728099
0.018056412
0.022153261
0.022472954
0.02569669
0.022870317
0.022956662
0.022484009
0.031740034
0.038028246
0.038925863
0.029095101
0.021290491
0.033199188
0.041156101
0.040174283
0.034068509
0.023136928
0.020521099
0.020206588
0.022959053
0.020439399
0.022126852
0.019772779
0.018432173
0.016875781
0.016626219
0.016811991
0.01644757
0.018196615
0.018017841
0.036946518
0.036389224
0.037515667
0.018017518
0.018888843
0.034019943
0.032439368
0.032714404
0.019174932
0.019207854
0.070228983
0.064732097
0.069078629
0.018193052
0.019739736
0.051941715
0.094102827
0.095034355
0.091810492
0.096468746
0.066214203
0.026537615
0.023379072
0.020245672
0.01886899
0.018361941
0.019189782
0.022095782
0.026002021
0.02556492
0.026395939
0.028575333
0.027873852
0.027824459
0.029076532
0.029019595
0.027385323
0.029087467
0.025993709
0.024612033
0.024364061
0.023988314
0.024761022
0.025695089
0.024997559
0.027627044
0.029156998
0.026920073
0.026175943
0.022996407
0.024269347
0.026007513
0.026784781
0.02713867
0.026486095
0.026091392
0.025026885
0.024224956
0.02276675
0.022012024
0.018126011
0.017168848
0.016082447
0.02658602
0.062979706
0.099200428
0.095662276
0.093638681
0.095050622
0.106045639
0.098082699
0.08668909
0.103928477
0.100549884
0.105873829
0.121487913
0.128252317
0.061528396
0.056241549
0.055018002
0.063630881
0.076044019
0.09215673
0.090634593
0.046462919
0.062487428
0.039829499
0.061540126
0.0883264
0.114547056
0.087895224
0.066667902
0.090070385
0.063682793
0.084942898
0.112079516
0.200725729
0.175443753
0.181630416
0.144038728
0.160526956
0.124338846
0.09852195
0.120492535
0.094515333
0.10500165
0.120183298
0.110970633
0.076665762
0.098785323
0.155846284
0.277999472
0.228721731
0.217596755
0.240122329
0.205279163
0.288991031
0.226630829
0.241520855
0.254703984
0.201735742
0.188239875
0.195171183
0.204758841
0.235544514
0.233798986
0.175767244
0.179786447
0.167869028
0.134599769
0.09505548
0.078030322
0.051695159
0.030105244
0.021115335
0.022545169
0.019828404
0.022922724
0.065722741
0.064327693
0.054016281
0.061930482
0.079870521
0.042631375
0.037765617
0.041392732
0.036901632
0.034123868
0.027063854
0.025497042
0.02401319
0.025910599
0.061034323
0.071492486
0.074583226
0.070682433
0.072307599
0.070702655
0.071760624
0.074317489
0.075969849
0.073076472
0.071418345
0.084551964
0.102124217
0.099622219
0.047246033
0.039275622
0.040819423
0.037672859
0.035389873
0.034994606
0.036665336
0.038200638
0.03825218
0.038001306
0.038197336
0.044962143
0.061632171
0.059992212
0.048199474
0.050897785
0.059945871
0.070925921
0.070259698
0.051280393
0.042333749
0.033896435
0.033877029
0.034281405
0.036879303
0.037257371
0.038431265
0.039078718
0.039410691
0.039631133
0.037510288
0.037240237
0.034234592
0.034603001
0.120484431
0.084560256
0.044445789
0.032126304
0.031741315
0.04867304
0.050858213
0.040753796
0.030925253
0.026632544
0.080229578
0.076760051
0.053236386
0.026178351
0.027134241
0.024956666
0.023117372
0.024246157
0.02358743
0.025806205
0.028157949
0.029025344
0.030083988
0.027540893
0.027619446
0.028857192
0.024528769
0.022932801
0.020957618
0.020525301
0.02130745
0.024295864
0.021827671
0.021531352
0.021483775
0.021152521
0.022866023
0.021233474
0.020181591
0.017974228
0.017737723
0.018121477
0.017645023
0.017591762
0.016759686
0.016494249
0.019539515
0.019513359
0.020483314
0.023588759
0.023090933
0.021314436
0.023090252
0.021526893
0.020575415