hour	Gain (W)
0	355
1	105
2	55
3	55
4	55
5	55
6	55
7	392.5
8	457.5
9	420
10	55
11	55
12	250
13	55
14	120
15	120
16	120
17	120
18	170
19	170
20	615
21	420
22	420
23	442.5
24	355
25	105
26	55
27	55
28	55
29	55
30	55
31	392.5
32	457.5
33	420
34	55
35	55
36	250
37	55
38	120
39	120
40	120
41	120
42	170
43	170
44	615
45	420
46	420
47	442.5
48	355
49	105
50	55
51	55
52	55
53	55
54	55
55	392.5
56	457.5
57	420
58	55
59	55
60	250
61	55
62	120
63	120
64	120
65	120
66	170
67	170
68	615
69	420
70	420
71	442.5
72	355
73	105
74	55
75	55
76	55
77	55
78	55
79	392.5
80	457.5
81	420
82	55
83	55
84	250
85	55
86	120
87	120
88	120
89	120
90	170
91	170
92	615
93	420
94	420
95	442.5
96	355
97	105
98	55
99	55
100	55
101	55
102	55
103	392.5
104	457.5
105	420
106	55
107	55
108	250
109	55
110	120
111	120
112	120
113	120
114	170
115	170
116	615
117	420
118	420
119	442.5
120	355
121	105
122	55
123	55
124	55
125	55
126	55
127	392.5
128	457.5
129	420
130	55
131	55
132	250
133	55
134	120
135	120
136	120
137	120
138	170
139	170
140	615
141	420
142	420
143	442.5
144	355
145	105
146	55
147	55
148	55
149	55
150	55
151	392.5
152	457.5
153	420
154	55
155	55
156	250
157	55
158	120
159	120
160	120
161	120
162	170
163	170
164	615
165	420
166	420
167	442.5
168	355
169	105
170	55
171	55
172	55
173	55
174	55
175	392.5
176	457.5
177	420
178	55
179	55
180	250
181	55
182	120
183	120
184	120
185	120
186	170
187	170
188	615
189	420
190	420
191	442.5
192	355
193	105
194	55
195	55
196	55
197	55
198	55
199	392.5
200	457.5
201	420
202	55
203	55
204	250
205	55
206	120
207	120
208	120
209	120
210	170
211	170
212	615
213	420
214	420
215	442.5
216	355
217	105
218	55
219	55
220	55
221	55
222	55
223	392.5
224	457.5
225	420
226	55
227	55
228	250
229	55
230	120
231	120
232	120
233	120
234	170
235	170
236	615
237	420
238	420
239	442.5
240	355
241	105
242	55
243	55
244	55
245	55
246	55
247	392.5
248	457.5
249	420
250	55
251	55
252	250
253	55
254	120
255	120
256	120
257	120
258	170
259	170
260	615
261	420
262	420
263	442.5
264	355
265	105
266	55
267	55
268	55
269	55
270	55
271	392.5
272	457.5
273	420
274	55
275	55
276	250
277	55
278	120
279	120
280	120
281	120
282	170
283	170
284	615
285	420
286	420
287	442.5
288	355
289	105
290	55
291	55
292	55
293	55
294	55
295	392.5
296	457.5
297	420
298	55
299	55
300	250
301	55
302	120
303	120
304	120
305	120
306	170
307	170
308	615
309	420
310	420
311	442.5
312	355
313	105
314	55
315	55
316	55
317	55
318	55
319	392.5
320	457.5
321	420
322	55
323	55
324	250
325	55
326	120
327	120
328	120
329	120
330	170
331	170
332	615
333	420
334	420
335	442.5
336	355
337	105
338	55
339	55
340	55
341	55
342	55
343	392.5
344	457.5
345	420
346	55
347	55
348	250
349	55
350	120
351	120
352	120
353	120
354	170
355	170
356	615
357	420
358	420
359	442.5
360	355
361	105
362	55
363	55
364	55
365	55
366	55
367	392.5
368	457.5
369	420
370	55
371	55
372	250
373	55
374	120
375	120
376	120
377	120
378	170
379	170
380	615
381	420
382	420
383	442.5
384	355
385	105
386	55
387	55
388	55
389	55
390	55
391	392.5
392	457.5
393	420
394	55
395	55
396	250
397	55
398	120
399	120
400	120
401	120
402	170
403	170
404	615
405	420
406	420
407	442.5
408	355
409	105
410	55
411	55
412	55
413	55
414	55
415	392.5
416	457.5
417	420
418	55
419	55
420	250
421	55
422	120
423	120
424	120
425	120
426	170
427	170
428	615
429	420
430	420
431	442.5
432	355
433	105
434	55
435	55
436	55
437	55
438	55
439	392.5
440	457.5
441	420
442	55
443	55
444	250
445	55
446	120
447	120
448	120
449	120
450	170
451	170
452	615
453	420
454	420
455	442.5
456	355
457	105
458	55
459	55
460	55
461	55
462	55
463	392.5
464	457.5
465	420
466	55
467	55
468	250
469	55
470	120
471	120
472	120
473	120
474	170
475	170
476	615
477	420
478	420
479	442.5
480	355
481	105
482	55
483	55
484	55
485	55
486	55
487	392.5
488	457.5
489	420
490	55
491	55
492	250
493	55
494	120
495	120
496	120
497	120
498	170
499	170
500	615
501	420
502	420
503	442.5
504	355
505	105
506	55
507	55
508	55
509	55
510	55
511	392.5
512	457.5
513	420
514	55
515	55
516	250
517	55
518	120
519	120
520	120
521	120
522	170
523	170
524	615
525	420
526	420
527	442.5
528	355
529	105
530	55
531	55
532	55
533	55
534	55
535	392.5
536	457.5
537	420
538	55
539	55
540	250
541	55
542	120
543	120
544	120
545	120
546	170
547	170
548	615
549	420
550	420
551	442.5
552	355
553	105
554	55
555	55
556	55
557	55
558	55
559	392.5
560	457.5
561	420
562	55
563	55
564	250
565	55
566	120
567	120
568	120
569	120
570	170
571	170
572	615
573	420
574	420
575	442.5
576	355
577	105
578	55
579	55
580	55
581	55
582	55
583	392.5
584	457.5
585	420
586	55
587	55
588	250
589	55
590	120
591	120
592	120
593	120
594	170
595	170
596	615
597	420
598	420
599	442.5
600	355
601	105
602	55
603	55
604	55
605	55
606	55
607	392.5
608	457.5
609	420
610	55
611	55
612	250
613	55
614	120
615	120
616	120
617	120
618	170
619	170
620	615
621	420
622	420
623	442.5
624	355
625	105
626	55
627	55
628	55
629	55
630	55
631	392.5
632	457.5
633	420
634	55
635	55
636	250
637	55
638	120
639	120
640	120
641	120
642	170
643	170
644	615
645	420
646	420
647	442.5
648	355
649	105
650	55
651	55
652	55
653	55
654	55
655	392.5
656	457.5
657	420
658	55
659	55
660	250
661	55
662	120
663	120
664	120
665	120
666	170
667	170
668	615
669	420
670	420
671	442.5
672	355
673	105
674	55
675	55
676	55
677	55
678	55
679	392.5
680	457.5
681	420
682	55
683	55
684	250
685	55
686	120
687	120
688	120
689	120
690	170
691	170
692	615
693	420
694	420
695	442.5
696	355
697	105
698	55
699	55
700	55
701	55
702	55
703	392.5
704	457.5
705	420
706	55
707	55
708	250
709	55
710	120
711	120
712	120
713	120
714	170
715	170
716	615
717	420
718	420
719	442.5
720	355
721	105
722	55
723	55
724	55
725	55
726	55
727	392.5
728	457.5
729	420
730	55
731	55
732	250
733	55
734	120
735	120
736	120
737	120
738	170
739	170
740	615
741	420
742	420
743	442.5
744	355
745	105
746	55
747	55
748	55
749	55
750	55
751	392.5
752	457.5
753	420
754	55
755	55
756	250
757	55
758	120
759	120
760	120
761	120
762	170
763	170
764	615
765	420
766	420
767	442.5
768	355
769	105
770	55
771	55
772	55
773	55
774	55
775	392.5
776	457.5
777	420
778	55
779	55
780	250
781	55
782	120
783	120
784	120
785	120
786	170
787	170
788	615
789	420
790	420
791	442.5
792	355
793	105
794	55
795	55
796	55
797	55
798	55
799	392.5
800	457.5
801	420
802	55
803	55
804	250
805	55
806	120
807	120
808	120
809	120
810	170
811	170
812	615
813	420
814	420
815	442.5
816	355
817	105
818	55
819	55
820	55
821	55
822	55
823	392.5
824	457.5
825	420
826	55
827	55
828	250
829	55
830	120
831	120
832	120
833	120
834	170
835	170
836	615
837	420
838	420
839	442.5
840	355
841	105
842	55
843	55
844	55
845	55
846	55
847	392.5
848	457.5
849	420
850	55
851	55
852	250
853	55
854	120
855	120
856	120
857	120
858	170
859	170
860	615
861	420
862	420
863	442.5
864	355
865	105
866	55
867	55
868	55
869	55
870	55
871	392.5
872	457.5
873	420
874	55
875	55
876	250
877	55
878	120
879	120
880	120
881	120
882	170
883	170
884	615
885	420
886	420
887	442.5
888	355
889	105
890	55
891	55
892	55
893	55
894	55
895	392.5
896	457.5
897	420
898	55
899	55
900	250
901	55
902	120
903	120
904	120
905	120
906	170
907	170
908	615
909	420
910	420
911	442.5
912	355
913	105
914	55
915	55
916	55
917	55
918	55
919	392.5
920	457.5
921	420
922	55
923	55
924	250
925	55
926	120
927	120
928	120
929	120
930	170
931	170
932	615
933	420
934	420
935	442.5
936	355
937	105
938	55
939	55
940	55
941	55
942	55
943	392.5
944	457.5
945	420
946	55
947	55
948	250
949	55
950	120
951	120
952	120
953	120
954	170
955	170
956	615
957	420
958	420
959	442.5
960	355
961	105
962	55
963	55
964	55
965	55
966	55
967	392.5
968	457.5
969	420
970	55
971	55
972	250
973	55
974	120
975	120
976	120
977	120
978	170
979	170
980	615
981	420
982	420
983	442.5
984	355
985	105
986	55
987	55
988	55
989	55
990	55
991	392.5
992	457.5
993	420
994	55
995	55
996	250
997	55
998	120
999	120
1000	120
1001	120
1002	170
1003	170
1004	615
1005	420
1006	420
1007	442.5
1008	355
1009	105
1010	55
1011	55
1012	55
1013	55
1014	55
1015	392.5
1016	457.5
1017	420
1018	55
1019	55
1020	250
1021	55
1022	120
1023	120
1024	120
1025	120
1026	170
1027	170
1028	615
1029	420
1030	420
1031	442.5
1032	355
1033	105
1034	55
1035	55
1036	55
1037	55
1038	55
1039	392.5
1040	457.5
1041	420
1042	55
1043	55
1044	250
1045	55
1046	120
1047	120
1048	120
1049	120
1050	170
1051	170
1052	615
1053	420
1054	420
1055	442.5
1056	355
1057	105
1058	55
1059	55
1060	55
1061	55
1062	55
1063	392.5
1064	457.5
1065	420
1066	55
1067	55
1068	250
1069	55
1070	120
1071	120
1072	120
1073	120
1074	170
1075	170
1076	615
1077	420
1078	420
1079	442.5
1080	355
1081	105
1082	55
1083	55
1084	55
1085	55
1086	55
1087	392.5
1088	457.5
1089	420
1090	55
1091	55
1092	250
1093	55
1094	120
1095	120
1096	120
1097	120
1098	170
1099	170
1100	615
1101	420
1102	420
1103	442.5
1104	355
1105	105
1106	55
1107	55
1108	55
1109	55
1110	55
1111	392.5
1112	457.5
1113	420
1114	55
1115	55
1116	250
1117	55
1118	120
1119	120
1120	120
1121	120
1122	170
1123	170
1124	615
1125	420
1126	420
1127	442.5
1128	355
1129	105
1130	55
1131	55
1132	55
1133	55
1134	55
1135	392.5
1136	457.5
1137	420
1138	55
1139	55
1140	250
1141	55
1142	120
1143	120
1144	120
1145	120
1146	170
1147	170
1148	615
1149	420
1150	420
1151	442.5
1152	355
1153	105
1154	55
1155	55
1156	55
1157	55
1158	55
1159	392.5
1160	457.5
1161	420
1162	55
1163	55
1164	250
1165	55
1166	120
1167	120
1168	120
1169	120
1170	170
1171	170
1172	615
1173	420
1174	420
1175	442.5
1176	355
1177	105
1178	55
1179	55
1180	55
1181	55
1182	55
1183	392.5
1184	457.5
1185	420
1186	55
1187	55
1188	250
1189	55
1190	120
1191	120
1192	120
1193	120
1194	170
1195	170
1196	615
1197	420
1198	420
1199	442.5
1200	355
1201	105
1202	55
1203	55
1204	55
1205	55
1206	55
1207	392.5
1208	457.5
1209	420
1210	55
1211	55
1212	250
1213	55
1214	120
1215	120
1216	120
1217	120
1218	170
1219	170
1220	615
1221	420
1222	420
1223	442.5
1224	355
1225	105
1226	55
1227	55
1228	55
1229	55
1230	55
1231	392.5
1232	457.5
1233	420
1234	55
1235	55
1236	250
1237	55
1238	120
1239	120
1240	120
1241	120
1242	170
1243	170
1244	615
1245	420
1246	420
1247	442.5
1248	355
1249	105
1250	55
1251	55
1252	55
1253	55
1254	55
1255	392.5
1256	457.5
1257	420
1258	55
1259	55
1260	250
1261	55
1262	120
1263	120
1264	120
1265	120
1266	170
1267	170
1268	615
1269	420
1270	420
1271	442.5
1272	355
1273	105
1274	55
1275	55
1276	55
1277	55
1278	55
1279	392.5
1280	457.5
1281	420
1282	55
1283	55
1284	250
1285	55
1286	120
1287	120
1288	120
1289	120
1290	170
1291	170
1292	615
1293	420
1294	420
1295	442.5
1296	355
1297	105
1298	55
1299	55
1300	55
1301	55
1302	55
1303	392.5
1304	457.5
1305	420
1306	55
1307	55
1308	250
1309	55
1310	120
1311	120
1312	120
1313	120
1314	170
1315	170
1316	615
1317	420
1318	420
1319	442.5
1320	355
1321	105
1322	55
1323	55
1324	55
1325	55
1326	55
1327	392.5
1328	457.5
1329	420
1330	55
1331	55
1332	250
1333	55
1334	120
1335	120
1336	120
1337	120
1338	170
1339	170
1340	615
1341	420
1342	420
1343	442.5
1344	355
1345	105
1346	55
1347	55
1348	55
1349	55
1350	55
1351	392.5
1352	457.5
1353	420
1354	55
1355	55
1356	250
1357	55
1358	120
1359	120
1360	120
1361	120
1362	170
1363	170
1364	615
1365	420
1366	420
1367	442.5
1368	355
1369	105
1370	55
1371	55
1372	55
1373	55
1374	55
1375	392.5
1376	457.5
1377	420
1378	55
1379	55
1380	250
1381	55
1382	120
1383	120
1384	120
1385	120
1386	170
1387	170
1388	615
1389	420
1390	420
1391	442.5
1392	355
1393	105
1394	55
1395	55
1396	55
1397	55
1398	55
1399	392.5
1400	457.5
1401	420
1402	55
1403	55
1404	250
1405	55
1406	120
1407	120
1408	120
1409	120
1410	170
1411	170
1412	615
1413	420
1414	420
1415	442.5
1416	355
1417	105
1418	55
1419	55
1420	55
1421	55
1422	55
1423	392.5
1424	457.5
1425	420
1426	55
1427	55
1428	250
1429	55
1430	120
1431	120
1432	120
1433	120
1434	170
1435	170
1436	615
1437	420
1438	420
1439	442.5
1440	355
1441	105
1442	55
1443	55
1444	55
1445	55
1446	55
1447	392.5
1448	457.5
1449	420
1450	55
1451	55
1452	250
1453	55
1454	120
1455	120
1456	120
1457	120
1458	170
1459	170
1460	615
1461	420
1462	420
1463	442.5
1464	355
1465	105
1466	55
1467	55
1468	55
1469	55
1470	55
1471	392.5
1472	457.5
1473	420
1474	55
1475	55
1476	250
1477	55
1478	120
1479	120
1480	120
1481	120
1482	170
1483	170
1484	615
1485	420
1486	420
1487	442.5
1488	355
1489	105
1490	55
1491	55
1492	55
1493	55
1494	55
1495	392.5
1496	457.5
1497	420
1498	55
1499	55
1500	250
1501	55
1502	120
1503	120
1504	120
1505	120
1506	170
1507	170
1508	615
1509	420
1510	420
1511	442.5
1512	355
1513	105
1514	55
1515	55
1516	55
1517	55
1518	55
1519	392.5
1520	457.5
1521	420
1522	55
1523	55
1524	250
1525	55
1526	120
1527	120
1528	120
1529	120
1530	170
1531	170
1532	615
1533	420
1534	420
1535	442.5
1536	355
1537	105
1538	55
1539	55
1540	55
1541	55
1542	55
1543	392.5
1544	457.5
1545	420
1546	55
1547	55
1548	250
1549	55
1550	120
1551	120
1552	120
1553	120
1554	170
1555	170
1556	615
1557	420
1558	420
1559	442.5
1560	355
1561	105
1562	55
1563	55
1564	55
1565	55
1566	55
1567	392.5
1568	457.5
1569	420
1570	55
1571	55
1572	250
1573	55
1574	120
1575	120
1576	120
1577	120
1578	170
1579	170
1580	615
1581	420
1582	420
1583	442.5
1584	355
1585	105
1586	55
1587	55
1588	55
1589	55
1590	55
1591	392.5
1592	457.5
1593	420
1594	55
1595	55
1596	250
1597	55
1598	120
1599	120
1600	120
1601	120
1602	170
1603	170
1604	615
1605	420
1606	420
1607	442.5
1608	355
1609	105
1610	55
1611	55
1612	55
1613	55
1614	55
1615	392.5
1616	457.5
1617	420
1618	55
1619	55
1620	250
1621	55
1622	120
1623	120
1624	120
1625	120
1626	170
1627	170
1628	615
1629	420
1630	420
1631	442.5
1632	355
1633	105
1634	55
1635	55
1636	55
1637	55
1638	55
1639	392.5
1640	457.5
1641	420
1642	55
1643	55
1644	250
1645	55
1646	120
1647	120
1648	120
1649	120
1650	170
1651	170
1652	615
1653	420
1654	420
1655	442.5
1656	355
1657	105
1658	55
1659	55
1660	55
1661	55
1662	55
1663	392.5
1664	457.5
1665	420
1666	55
1667	55
1668	250
1669	55
1670	120
1671	120
1672	120
1673	120
1674	170
1675	170
1676	615
1677	420
1678	420
1679	442.5
1680	355
1681	105
1682	55
1683	55
1684	55
1685	55
1686	55
1687	392.5
1688	457.5
1689	420
1690	55
1691	55
1692	250
1693	55
1694	120
1695	120
1696	120
1697	120
1698	170
1699	170
1700	615
1701	420
1702	420
1703	442.5
1704	355
1705	105
1706	55
1707	55
1708	55
1709	55
1710	55
1711	392.5
1712	457.5
1713	420
1714	55
1715	55
1716	250
1717	55
1718	120
1719	120
1720	120
1721	120
1722	170
1723	170
1724	615
1725	420
1726	420
1727	442.5
1728	355
1729	105
1730	55
1731	55
1732	55
1733	55
1734	55
1735	392.5
1736	457.5
1737	420
1738	55
1739	55
1740	250
1741	55
1742	120
1743	120
1744	120
1745	120
1746	170
1747	170
1748	615
1749	420
1750	420
1751	442.5
1752	355
1753	105
1754	55
1755	55
1756	55
1757	55
1758	55
1759	392.5
1760	457.5
1761	420
1762	55
1763	55
1764	250
1765	55
1766	120
1767	120
1768	120
1769	120
1770	170
1771	170
1772	615
1773	420
1774	420
1775	442.5
1776	355
1777	105
1778	55
1779	55
1780	55
1781	55
1782	55
1783	392.5
1784	457.5
1785	420
1786	55
1787	55
1788	250
1789	55
1790	120
1791	120
1792	120
1793	120
1794	170
1795	170
1796	615
1797	420
1798	420
1799	442.5
1800	355
1801	105
1802	55
1803	55
1804	55
1805	55
1806	55
1807	392.5
1808	457.5
1809	420
1810	55
1811	55
1812	250
1813	55
1814	120
1815	120
1816	120
1817	120
1818	170
1819	170
1820	615
1821	420
1822	420
1823	442.5
1824	355
1825	105
1826	55
1827	55
1828	55
1829	55
1830	55
1831	392.5
1832	457.5
1833	420
1834	55
1835	55
1836	250
1837	55
1838	120
1839	120
1840	120
1841	120
1842	170
1843	170
1844	615
1845	420
1846	420
1847	442.5
1848	355
1849	105
1850	55
1851	55
1852	55
1853	55
1854	55
1855	392.5
1856	457.5
1857	420
1858	55
1859	55
1860	250
1861	55
1862	120
1863	120
1864	120
1865	120
1866	170
1867	170
1868	615
1869	420
1870	420
1871	442.5
1872	355
1873	105
1874	55
1875	55
1876	55
1877	55
1878	55
1879	392.5
1880	457.5
1881	420
1882	55
1883	55
1884	250
1885	55
1886	120
1887	120
1888	120
1889	120
1890	170
1891	170
1892	615
1893	420
1894	420
1895	442.5
1896	355
1897	105
1898	55
1899	55
1900	55
1901	55
1902	55
1903	392.5
1904	457.5
1905	420
1906	55
1907	55
1908	250
1909	55
1910	120
1911	120
1912	120
1913	120
1914	170
1915	170
1916	615
1917	420
1918	420
1919	442.5
1920	355
1921	105
1922	55
1923	55
1924	55
1925	55
1926	55
1927	392.5
1928	457.5
1929	420
1930	55
1931	55
1932	250
1933	55
1934	120
1935	120
1936	120
1937	120
1938	170
1939	170
1940	615
1941	420
1942	420
1943	442.5
1944	355
1945	105
1946	55
1947	55
1948	55
1949	55
1950	55
1951	392.5
1952	457.5
1953	420
1954	55
1955	55
1956	250
1957	55
1958	120
1959	120
1960	120
1961	120
1962	170
1963	170
1964	615
1965	420
1966	420
1967	442.5
1968	355
1969	105
1970	55
1971	55
1972	55
1973	55
1974	55
1975	392.5
1976	457.5
1977	420
1978	55
1979	55
1980	250
1981	55
1982	120
1983	120
1984	120
1985	120
1986	170
1987	170
1988	615
1989	420
1990	420
1991	442.5
1992	355
1993	105
1994	55
1995	55
1996	55
1997	55
1998	55
1999	392.5
2000	457.5
2001	420
2002	55
2003	55
2004	250
2005	55
2006	120
2007	120
2008	120
2009	120
2010	170
2011	170
2012	615
2013	420
2014	420
2015	442.5
2016	355
2017	105
2018	55
2019	55
2020	55
2021	55
2022	55
2023	392.5
2024	457.5
2025	420
2026	55
2027	55
2028	250
2029	55
2030	120
2031	120
2032	120
2033	120
2034	170
2035	170
2036	615
2037	420
2038	420
2039	442.5
2040	355
2041	105
2042	55
2043	55
2044	55
2045	55
2046	55
2047	392.5
2048	457.5
2049	420
2050	55
2051	55
2052	250
2053	55
2054	120
2055	120
2056	120
2057	120
2058	170
2059	170
2060	615
2061	420
2062	420
2063	442.5
2064	355
2065	105
2066	55
2067	55
2068	55
2069	55
2070	55
2071	392.5
2072	457.5
2073	420
2074	55
2075	55
2076	250
2077	55
2078	120
2079	120
2080	120
2081	120
2082	170
2083	170
2084	615
2085	420
2086	420
2087	442.5
2088	355
2089	105
2090	55
2091	55
2092	55
2093	55
2094	55
2095	392.5
2096	457.5
2097	420
2098	55
2099	55
2100	250
2101	55
2102	120
2103	120
2104	120
2105	120
2106	170
2107	170
2108	615
2109	420
2110	420
2111	442.5
2112	355
2113	105
2114	55
2115	55
2116	55
2117	55
2118	55
2119	392.5
2120	457.5
2121	420
2122	55
2123	55
2124	250
2125	55
2126	120
2127	120
2128	120
2129	120
2130	170
2131	170
2132	615
2133	420
2134	420
2135	442.5
2136	355
2137	105
2138	55
2139	55
2140	55
2141	55
2142	55
2143	392.5
2144	457.5
2145	420
2146	55
2147	55
2148	250
2149	55
2150	120
2151	120
2152	120
2153	120
2154	170
2155	170
2156	615
2157	420
2158	420
2159	442.5
2160	355
2161	105
2162	55
2163	55
2164	55
2165	55
2166	55
2167	392.5
2168	457.5
2169	420
2170	55
2171	55
2172	250
2173	55
2174	120
2175	120
2176	120
2177	120
2178	170
2179	170
2180	615
2181	420
2182	420
2183	442.5
2184	355
2185	105
2186	55
2187	55
2188	55
2189	55
2190	55
2191	392.5
2192	457.5
2193	420
2194	55
2195	55
2196	250
2197	55
2198	120
2199	120
2200	120
2201	120
2202	170
2203	170
2204	615
2205	420
2206	420
2207	442.5
2208	355
2209	105
2210	55
2211	55
2212	55
2213	55
2214	55
2215	392.5
2216	457.5
2217	420
2218	55
2219	55
2220	250
2221	55
2222	120
2223	120
2224	120
2225	120
2226	170
2227	170
2228	615
2229	420
2230	420
2231	442.5
2232	355
2233	105
2234	55
2235	55
2236	55
2237	55
2238	55
2239	392.5
2240	457.5
2241	420
2242	55
2243	55
2244	250
2245	55
2246	120
2247	120
2248	120
2249	120
2250	170
2251	170
2252	615
2253	420
2254	420
2255	442.5
2256	355
2257	105
2258	55
2259	55
2260	55
2261	55
2262	55
2263	392.5
2264	457.5
2265	420
2266	55
2267	55
2268	250
2269	55
2270	120
2271	120
2272	120
2273	120
2274	170
2275	170
2276	615
2277	420
2278	420
2279	442.5
2280	355
2281	105
2282	55
2283	55
2284	55
2285	55
2286	55
2287	392.5
2288	457.5
2289	420
2290	55
2291	55
2292	250
2293	55
2294	120
2295	120
2296	120
2297	120
2298	170
2299	170
2300	615
2301	420
2302	420
2303	442.5
2304	355
2305	105
2306	55
2307	55
2308	55
2309	55
2310	55
2311	392.5
2312	457.5
2313	420
2314	55
2315	55
2316	250
2317	55
2318	120
2319	120
2320	120
2321	120
2322	170
2323	170
2324	615
2325	420
2326	420
2327	442.5
2328	355
2329	105
2330	55
2331	55
2332	55
2333	55
2334	55
2335	392.5
2336	457.5
2337	420
2338	55
2339	55
2340	250
2341	55
2342	120
2343	120
2344	120
2345	120
2346	170
2347	170
2348	615
2349	420
2350	420
2351	442.5
2352	355
2353	105
2354	55
2355	55
2356	55
2357	55
2358	55
2359	392.5
2360	457.5
2361	420
2362	55
2363	55
2364	250
2365	55
2366	120
2367	120
2368	120
2369	120
2370	170
2371	170
2372	615
2373	420
2374	420
2375	442.5
2376	355
2377	105
2378	55
2379	55
2380	55
2381	55
2382	55
2383	392.5
2384	457.5
2385	420
2386	55
2387	55
2388	250
2389	55
2390	120
2391	120
2392	120
2393	120
2394	170
2395	170
2396	615
2397	420
2398	420
2399	442.5
2400	355
2401	105
2402	55
2403	55
2404	55
2405	55
2406	55
2407	392.5
2408	457.5
2409	420
2410	55
2411	55
2412	250
2413	55
2414	120
2415	120
2416	120
2417	120
2418	170
2419	170
2420	615
2421	420
2422	420
2423	442.5
2424	355
2425	105
2426	55
2427	55
2428	55
2429	55
2430	55
2431	392.5
2432	457.5
2433	420
2434	55
2435	55
2436	250
2437	55
2438	120
2439	120
2440	120
2441	120
2442	170
2443	170
2444	615
2445	420
2446	420
2447	442.5
2448	355
2449	105
2450	55
2451	55
2452	55
2453	55
2454	55
2455	392.5
2456	457.5
2457	420
2458	55
2459	55
2460	250
2461	55
2462	120
2463	120
2464	120
2465	120
2466	170
2467	170
2468	615
2469	420
2470	420
2471	442.5
2472	355
2473	105
2474	55
2475	55
2476	55
2477	55
2478	55
2479	392.5
2480	457.5
2481	420
2482	55
2483	55
2484	250
2485	55
2486	120
2487	120
2488	120
2489	120
2490	170
2491	170
2492	615
2493	420
2494	420
2495	442.5
2496	355
2497	105
2498	55
2499	55
2500	55
2501	55
2502	55
2503	392.5
2504	457.5
2505	420
2506	55
2507	55
2508	250
2509	55
2510	120
2511	120
2512	120
2513	120
2514	170
2515	170
2516	615
2517	420
2518	420
2519	442.5
2520	355
2521	105
2522	55
2523	55
2524	55
2525	55
2526	55
2527	392.5
2528	457.5
2529	420
2530	55
2531	55
2532	250
2533	55
2534	120
2535	120
2536	120
2537	120
2538	170
2539	170
2540	615
2541	420
2542	420
2543	442.5
2544	355
2545	105
2546	55
2547	55
2548	55
2549	55
2550	55
2551	392.5
2552	457.5
2553	420
2554	55
2555	55
2556	250
2557	55
2558	120
2559	120
2560	120
2561	120
2562	170
2563	170
2564	615
2565	420
2566	420
2567	442.5
2568	355
2569	105
2570	55
2571	55
2572	55
2573	55
2574	55
2575	392.5
2576	457.5
2577	420
2578	55
2579	55
2580	250
2581	55
2582	120
2583	120
2584	120
2585	120
2586	170
2587	170
2588	615
2589	420
2590	420
2591	442.5
2592	355
2593	105
2594	55
2595	55
2596	55
2597	55
2598	55
2599	392.5
2600	457.5
2601	420
2602	55
2603	55
2604	250
2605	55
2606	120
2607	120
2608	120
2609	120
2610	170
2611	170
2612	615
2613	420
2614	420
2615	442.5
2616	355
2617	105
2618	55
2619	55
2620	55
2621	55
2622	55
2623	392.5
2624	457.5
2625	420
2626	55
2627	55
2628	250
2629	55
2630	120
2631	120
2632	120
2633	120
2634	170
2635	170
2636	615
2637	420
2638	420
2639	442.5
2640	355
2641	105
2642	55
2643	55
2644	55
2645	55
2646	55
2647	392.5
2648	457.5
2649	420
2650	55
2651	55
2652	250
2653	55
2654	120
2655	120
2656	120
2657	120
2658	170
2659	170
2660	615
2661	420
2662	420
2663	442.5
2664	355
2665	105
2666	55
2667	55
2668	55
2669	55
2670	55
2671	392.5
2672	457.5
2673	420
2674	55
2675	55
2676	250
2677	55
2678	120
2679	120
2680	120
2681	120
2682	170
2683	170
2684	615
2685	420
2686	420
2687	442.5
2688	355
2689	105
2690	55
2691	55
2692	55
2693	55
2694	55
2695	392.5
2696	457.5
2697	420
2698	55
2699	55
2700	250
2701	55
2702	120
2703	120
2704	120
2705	120
2706	170
2707	170
2708	615
2709	420
2710	420
2711	442.5
2712	355
2713	105
2714	55
2715	55
2716	55
2717	55
2718	55
2719	392.5
2720	457.5
2721	420
2722	55
2723	55
2724	250
2725	55
2726	120
2727	120
2728	120
2729	120
2730	170
2731	170
2732	615
2733	420
2734	420
2735	442.5
2736	355
2737	105
2738	55
2739	55
2740	55
2741	55
2742	55
2743	392.5
2744	457.5
2745	420
2746	55
2747	55
2748	250
2749	55
2750	120
2751	120
2752	120
2753	120
2754	170
2755	170
2756	615
2757	420
2758	420
2759	442.5
2760	355
2761	105
2762	55
2763	55
2764	55
2765	55
2766	55
2767	392.5
2768	457.5
2769	420
2770	55
2771	55
2772	250
2773	55
2774	120
2775	120
2776	120
2777	120
2778	170
2779	170
2780	615
2781	420
2782	420
2783	442.5
2784	355
2785	105
2786	55
2787	55
2788	55
2789	55
2790	55
2791	392.5
2792	457.5
2793	420
2794	55
2795	55
2796	250
2797	55
2798	120
2799	120
2800	120
2801	120
2802	170
2803	170
2804	615
2805	420
2806	420
2807	442.5
2808	355
2809	105
2810	55
2811	55
2812	55
2813	55
2814	55
2815	392.5
2816	457.5
2817	420
2818	55
2819	55
2820	250
2821	55
2822	120
2823	120
2824	120
2825	120
2826	170
2827	170
2828	615
2829	420
2830	420
2831	442.5
2832	355
2833	105
2834	55
2835	55
2836	55
2837	55
2838	55
2839	392.5
2840	457.5
2841	420
2842	55
2843	55
2844	250
2845	55
2846	120
2847	120
2848	120
2849	120
2850	170
2851	170
2852	615
2853	420
2854	420
2855	442.5
2856	355
2857	105
2858	55
2859	55
2860	55
2861	55
2862	55
2863	392.5
2864	457.5
2865	420
2866	55
2867	55
2868	250
2869	55
2870	120
2871	120
2872	120
2873	120
2874	170
2875	170
2876	615
2877	420
2878	420
2879	442.5
2880	355
2881	105
2882	55
2883	55
2884	55
2885	55
2886	55
2887	392.5
2888	457.5
2889	420
2890	55
2891	55
2892	250
2893	55
2894	120
2895	120
2896	120
2897	120
2898	170
2899	170
2900	615
2901	420
2902	420
2903	442.5
2904	355
2905	105
2906	55
2907	55
2908	55
2909	55
2910	55
2911	392.5
2912	457.5
2913	420
2914	55
2915	55
2916	250
2917	55
2918	120
2919	120
2920	120
2921	120
2922	170
2923	170
2924	615
2925	420
2926	420
2927	442.5
2928	355
2929	105
2930	55
2931	55
2932	55
2933	55
2934	55
2935	392.5
2936	457.5
2937	420
2938	55
2939	55
2940	250
2941	55
2942	120
2943	120
2944	120
2945	120
2946	170
2947	170
2948	615
2949	420
2950	420
2951	442.5
2952	355
2953	105
2954	55
2955	55
2956	55
2957	55
2958	55
2959	392.5
2960	457.5
2961	420
2962	55
2963	55
2964	250
2965	55
2966	120
2967	120
2968	120
2969	120
2970	170
2971	170
2972	615
2973	420
2974	420
2975	442.5
2976	355
2977	105
2978	55
2979	55
2980	55
2981	55
2982	55
2983	392.5
2984	457.5
2985	420
2986	55
2987	55
2988	250
2989	55
2990	120
2991	120
2992	120
2993	120
2994	170
2995	170
2996	615
2997	420
2998	420
2999	442.5
3000	355
3001	105
3002	55
3003	55
3004	55
3005	55
3006	55
3007	392.5
3008	457.5
3009	420
3010	55
3011	55
3012	250
3013	55
3014	120
3015	120
3016	120
3017	120
3018	170
3019	170
3020	615
3021	420
3022	420
3023	442.5
3024	355
3025	105
3026	55
3027	55
3028	55
3029	55
3030	55
3031	392.5
3032	457.5
3033	420
3034	55
3035	55
3036	250
3037	55
3038	120
3039	120
3040	120
3041	120
3042	170
3043	170
3044	615
3045	420
3046	420
3047	442.5
3048	355
3049	105
3050	55
3051	55
3052	55
3053	55
3054	55
3055	392.5
3056	457.5
3057	420
3058	55
3059	55
3060	250
3061	55
3062	120
3063	120
3064	120
3065	120
3066	170
3067	170
3068	615
3069	420
3070	420
3071	442.5
3072	355
3073	105
3074	55
3075	55
3076	55
3077	55
3078	55
3079	392.5
3080	457.5
3081	420
3082	55
3083	55
3084	250
3085	55
3086	120
3087	120
3088	120
3089	120
3090	170
3091	170
3092	615
3093	420
3094	420
3095	442.5
3096	355
3097	105
3098	55
3099	55
3100	55
3101	55
3102	55
3103	392.5
3104	457.5
3105	420
3106	55
3107	55
3108	250
3109	55
3110	120
3111	120
3112	120
3113	120
3114	170
3115	170
3116	615
3117	420
3118	420
3119	442.5
3120	355
3121	105
3122	55
3123	55
3124	55
3125	55
3126	55
3127	392.5
3128	457.5
3129	420
3130	55
3131	55
3132	250
3133	55
3134	120
3135	120
3136	120
3137	120
3138	170
3139	170
3140	615
3141	420
3142	420
3143	442.5
3144	355
3145	105
3146	55
3147	55
3148	55
3149	55
3150	55
3151	392.5
3152	457.5
3153	420
3154	55
3155	55
3156	250
3157	55
3158	120
3159	120
3160	120
3161	120
3162	170
3163	170
3164	615
3165	420
3166	420
3167	442.5
3168	355
3169	105
3170	55
3171	55
3172	55
3173	55
3174	55
3175	392.5
3176	457.5
3177	420
3178	55
3179	55
3180	250
3181	55
3182	120
3183	120
3184	120
3185	120
3186	170
3187	170
3188	615
3189	420
3190	420
3191	442.5
3192	355
3193	105
3194	55
3195	55
3196	55
3197	55
3198	55
3199	392.5
3200	457.5
3201	420
3202	55
3203	55
3204	250
3205	55
3206	120
3207	120
3208	120
3209	120
3210	170
3211	170
3212	615
3213	420
3214	420
3215	442.5
3216	355
3217	105
3218	55
3219	55
3220	55
3221	55
3222	55
3223	392.5
3224	457.5
3225	420
3226	55
3227	55
3228	250
3229	55
3230	120
3231	120
3232	120
3233	120
3234	170
3235	170
3236	615
3237	420
3238	420
3239	442.5
3240	355
3241	105
3242	55
3243	55
3244	55
3245	55
3246	55
3247	392.5
3248	457.5
3249	420
3250	55
3251	55
3252	250
3253	55
3254	120
3255	120
3256	120
3257	120
3258	170
3259	170
3260	615
3261	420
3262	420
3263	442.5
3264	355
3265	105
3266	55
3267	55
3268	55
3269	55
3270	55
3271	392.5
3272	457.5
3273	420
3274	55
3275	55
3276	250
3277	55
3278	120
3279	120
3280	120
3281	120
3282	170
3283	170
3284	615
3285	420
3286	420
3287	442.5
3288	355
3289	105
3290	55
3291	55
3292	55
3293	55
3294	55
3295	392.5
3296	457.5
3297	420
3298	55
3299	55
3300	250
3301	55
3302	120
3303	120
3304	120
3305	120
3306	170
3307	170
3308	615
3309	420
3310	420
3311	442.5
3312	355
3313	105
3314	55
3315	55
3316	55
3317	55
3318	55
3319	392.5
3320	457.5
3321	420
3322	55
3323	55
3324	250
3325	55
3326	120
3327	120
3328	120
3329	120
3330	170
3331	170
3332	615
3333	420
3334	420
3335	442.5
3336	355
3337	105
3338	55
3339	55
3340	55
3341	55
3342	55
3343	392.5
3344	457.5
3345	420
3346	55
3347	55
3348	250
3349	55
3350	120
3351	120
3352	120
3353	120
3354	170
3355	170
3356	615
3357	420
3358	420
3359	442.5
3360	355
3361	105
3362	55
3363	55
3364	55
3365	55
3366	55
3367	392.5
3368	457.5
3369	420
3370	55
3371	55
3372	250
3373	55
3374	120
3375	120
3376	120
3377	120
3378	170
3379	170
3380	615
3381	420
3382	420
3383	442.5
3384	355
3385	105
3386	55
3387	55
3388	55
3389	55
3390	55
3391	392.5
3392	457.5
3393	420
3394	55
3395	55
3396	250
3397	55
3398	120
3399	120
3400	120
3401	120
3402	170
3403	170
3404	615
3405	420
3406	420
3407	442.5
3408	355
3409	105
3410	55
3411	55
3412	55
3413	55
3414	55
3415	392.5
3416	457.5
3417	420
3418	55
3419	55
3420	250
3421	55
3422	120
3423	120
3424	120
3425	120
3426	170
3427	170
3428	615
3429	420
3430	420
3431	442.5
3432	355
3433	105
3434	55
3435	55
3436	55
3437	55
3438	55
3439	392.5
3440	457.5
3441	420
3442	55
3443	55
3444	250
3445	55
3446	120
3447	120
3448	120
3449	120
3450	170
3451	170
3452	615
3453	420
3454	420
3455	442.5
3456	355
3457	105
3458	55
3459	55
3460	55
3461	55
3462	55
3463	392.5
3464	457.5
3465	420
3466	55
3467	55
3468	250
3469	55
3470	120
3471	120
3472	120
3473	120
3474	170
3475	170
3476	615
3477	420
3478	420
3479	442.5
3480	355
3481	105
3482	55
3483	55
3484	55
3485	55
3486	55
3487	392.5
3488	457.5
3489	420
3490	55
3491	55
3492	250
3493	55
3494	120
3495	120
3496	120
3497	120
3498	170
3499	170
3500	615
3501	420
3502	420
3503	442.5
3504	355
3505	105
3506	55
3507	55
3508	55
3509	55
3510	55
3511	392.5
3512	457.5
3513	420
3514	55
3515	55
3516	250
3517	55
3518	120
3519	120
3520	120
3521	120
3522	170
3523	170
3524	615
3525	420
3526	420
3527	442.5
3528	355
3529	105
3530	55
3531	55
3532	55
3533	55
3534	55
3535	392.5
3536	457.5
3537	420
3538	55
3539	55
3540	250
3541	55
3542	120
3543	120
3544	120
3545	120
3546	170
3547	170
3548	615
3549	420
3550	420
3551	442.5
3552	355
3553	105
3554	55
3555	55
3556	55
3557	55
3558	55
3559	392.5
3560	457.5
3561	420
3562	55
3563	55
3564	250
3565	55
3566	120
3567	120
3568	120
3569	120
3570	170
3571	170
3572	615
3573	420
3574	420
3575	442.5
3576	355
3577	105
3578	55
3579	55
3580	55
3581	55
3582	55
3583	392.5
3584	457.5
3585	420
3586	55
3587	55
3588	250
3589	55
3590	120
3591	120
3592	120
3593	120
3594	170
3595	170
3596	615
3597	420
3598	420
3599	442.5
3600	355
3601	105
3602	55
3603	55
3604	55
3605	55
3606	55
3607	392.5
3608	457.5
3609	420
3610	55
3611	55
3612	250
3613	55
3614	120
3615	120
3616	120
3617	120
3618	170
3619	170
3620	615
3621	420
3622	420
3623	442.5
3624	355
3625	105
3626	55
3627	55
3628	55
3629	55
3630	55
3631	392.5
3632	457.5
3633	420
3634	55
3635	55
3636	250
3637	55
3638	120
3639	120
3640	120
3641	120
3642	170
3643	170
3644	615
3645	420
3646	420
3647	442.5
3648	355
3649	105
3650	55
3651	55
3652	55
3653	55
3654	55
3655	392.5
3656	457.5
3657	420
3658	55
3659	55
3660	250
3661	55
3662	120
3663	120
3664	120
3665	120
3666	170
3667	170
3668	615
3669	420
3670	420
3671	442.5
3672	355
3673	105
3674	55
3675	55
3676	55
3677	55
3678	55
3679	392.5
3680	457.5
3681	420
3682	55
3683	55
3684	250
3685	55
3686	120
3687	120
3688	120
3689	120
3690	170
3691	170
3692	615
3693	420
3694	420
3695	442.5
3696	355
3697	105
3698	55
3699	55
3700	55
3701	55
3702	55
3703	392.5
3704	457.5
3705	420
3706	55
3707	55
3708	250
3709	55
3710	120
3711	120
3712	120
3713	120
3714	170
3715	170
3716	615
3717	420
3718	420
3719	442.5
3720	355
3721	105
3722	55
3723	55
3724	55
3725	55
3726	55
3727	392.5
3728	457.5
3729	420
3730	55
3731	55
3732	250
3733	55
3734	120
3735	120
3736	120
3737	120
3738	170
3739	170
3740	615
3741	420
3742	420
3743	442.5
3744	355
3745	105
3746	55
3747	55
3748	55
3749	55
3750	55
3751	392.5
3752	457.5
3753	420
3754	55
3755	55
3756	250
3757	55
3758	120
3759	120
3760	120
3761	120
3762	170
3763	170
3764	615
3765	420
3766	420
3767	442.5
3768	355
3769	105
3770	55
3771	55
3772	55
3773	55
3774	55
3775	392.5
3776	457.5
3777	420
3778	55
3779	55
3780	250
3781	55
3782	120
3783	120
3784	120
3785	120
3786	170
3787	170
3788	615
3789	420
3790	420
3791	442.5
3792	355
3793	105
3794	55
3795	55
3796	55
3797	55
3798	55
3799	392.5
3800	457.5
3801	420
3802	55
3803	55
3804	250
3805	55
3806	120
3807	120
3808	120
3809	120
3810	170
3811	170
3812	615
3813	420
3814	420
3815	442.5
3816	355
3817	105
3818	55
3819	55
3820	55
3821	55
3822	55
3823	392.5
3824	457.5
3825	420
3826	55
3827	55
3828	250
3829	55
3830	120
3831	120
3832	120
3833	120
3834	170
3835	170
3836	615
3837	420
3838	420
3839	442.5
3840	355
3841	105
3842	55
3843	55
3844	55
3845	55
3846	55
3847	392.5
3848	457.5
3849	420
3850	55
3851	55
3852	250
3853	55
3854	120
3855	120
3856	120
3857	120
3858	170
3859	170
3860	615
3861	420
3862	420
3863	442.5
3864	355
3865	105
3866	55
3867	55
3868	55
3869	55
3870	55
3871	392.5
3872	457.5
3873	420
3874	55
3875	55
3876	250
3877	55
3878	120
3879	120
3880	120
3881	120
3882	170
3883	170
3884	615
3885	420
3886	420
3887	442.5
3888	355
3889	105
3890	55
3891	55
3892	55
3893	55
3894	55
3895	392.5
3896	457.5
3897	420
3898	55
3899	55
3900	250
3901	55
3902	120
3903	120
3904	120
3905	120
3906	170
3907	170
3908	615
3909	420
3910	420
3911	442.5
3912	355
3913	105
3914	55
3915	55
3916	55
3917	55
3918	55
3919	392.5
3920	457.5
3921	420
3922	55
3923	55
3924	250
3925	55
3926	120
3927	120
3928	120
3929	120
3930	170
3931	170
3932	615
3933	420
3934	420
3935	442.5
3936	355
3937	105
3938	55
3939	55
3940	55
3941	55
3942	55
3943	392.5
3944	457.5
3945	420
3946	55
3947	55
3948	250
3949	55
3950	120
3951	120
3952	120
3953	120
3954	170
3955	170
3956	615
3957	420
3958	420
3959	442.5
3960	355
3961	105
3962	55
3963	55
3964	55
3965	55
3966	55
3967	392.5
3968	457.5
3969	420
3970	55
3971	55
3972	250
3973	55
3974	120
3975	120
3976	120
3977	120
3978	170
3979	170
3980	615
3981	420
3982	420
3983	442.5
3984	355
3985	105
3986	55
3987	55
3988	55
3989	55
3990	55
3991	392.5
3992	457.5
3993	420
3994	55
3995	55
3996	250
3997	55
3998	120
3999	120
4000	120
4001	120
4002	170
4003	170
4004	615
4005	420
4006	420
4007	442.5
4008	355
4009	105
4010	55
4011	55
4012	55
4013	55
4014	55
4015	392.5
4016	457.5
4017	420
4018	55
4019	55
4020	250
4021	55
4022	120
4023	120
4024	120
4025	120
4026	170
4027	170
4028	615
4029	420
4030	420
4031	442.5
4032	355
4033	105
4034	55
4035	55
4036	55
4037	55
4038	55
4039	392.5
4040	457.5
4041	420
4042	55
4043	55
4044	250
4045	55
4046	120
4047	120
4048	120
4049	120
4050	170
4051	170
4052	615
4053	420
4054	420
4055	442.5
4056	355
4057	105
4058	55
4059	55
4060	55
4061	55
4062	55
4063	392.5
4064	457.5
4065	420
4066	55
4067	55
4068	250
4069	55
4070	120
4071	120
4072	120
4073	120
4074	170
4075	170
4076	615
4077	420
4078	420
4079	442.5
4080	355
4081	105
4082	55
4083	55
4084	55
4085	55
4086	55
4087	392.5
4088	457.5
4089	420
4090	55
4091	55
4092	250
4093	55
4094	120
4095	120
4096	120
4097	120
4098	170
4099	170
4100	615
4101	420
4102	420
4103	442.5
4104	355
4105	105
4106	55
4107	55
4108	55
4109	55
4110	55
4111	392.5
4112	457.5
4113	420
4114	55
4115	55
4116	250
4117	55
4118	120
4119	120
4120	120
4121	120
4122	170
4123	170
4124	615
4125	420
4126	420
4127	442.5
4128	355
4129	105
4130	55
4131	55
4132	55
4133	55
4134	55
4135	392.5
4136	457.5
4137	420
4138	55
4139	55
4140	250
4141	55
4142	120
4143	120
4144	120
4145	120
4146	170
4147	170
4148	615
4149	420
4150	420
4151	442.5
4152	355
4153	105
4154	55
4155	55
4156	55
4157	55
4158	55
4159	392.5
4160	457.5
4161	420
4162	55
4163	55
4164	250
4165	55
4166	120
4167	120
4168	120
4169	120
4170	170
4171	170
4172	615
4173	420
4174	420
4175	442.5
4176	355
4177	105
4178	55
4179	55
4180	55
4181	55
4182	55
4183	392.5
4184	457.5
4185	420
4186	55
4187	55
4188	250
4189	55
4190	120
4191	120
4192	120
4193	120
4194	170
4195	170
4196	615
4197	420
4198	420
4199	442.5
4200	355
4201	105
4202	55
4203	55
4204	55
4205	55
4206	55
4207	392.5
4208	457.5
4209	420
4210	55
4211	55
4212	250
4213	55
4214	120
4215	120
4216	120
4217	120
4218	170
4219	170
4220	615
4221	420
4222	420
4223	442.5
4224	355
4225	105
4226	55
4227	55
4228	55
4229	55
4230	55
4231	392.5
4232	457.5
4233	420
4234	55
4235	55
4236	250
4237	55
4238	120
4239	120
4240	120
4241	120
4242	170
4243	170
4244	615
4245	420
4246	420
4247	442.5
4248	355
4249	105
4250	55
4251	55
4252	55
4253	55
4254	55
4255	392.5
4256	457.5
4257	420
4258	55
4259	55
4260	250
4261	55
4262	120
4263	120
4264	120
4265	120
4266	170
4267	170
4268	615
4269	420
4270	420
4271	442.5
4272	355
4273	105
4274	55
4275	55
4276	55
4277	55
4278	55
4279	392.5
4280	457.5
4281	420
4282	55
4283	55
4284	250
4285	55
4286	120
4287	120
4288	120
4289	120
4290	170
4291	170
4292	615
4293	420
4294	420
4295	442.5
4296	355
4297	105
4298	55
4299	55
4300	55
4301	55
4302	55
4303	392.5
4304	457.5
4305	420
4306	55
4307	55
4308	250
4309	55
4310	120
4311	120
4312	120
4313	120
4314	170
4315	170
4316	615
4317	420
4318	420
4319	442.5
4320	355
4321	105
4322	55
4323	55
4324	55
4325	55
4326	55
4327	392.5
4328	457.5
4329	420
4330	55
4331	55
4332	250
4333	55
4334	120
4335	120
4336	120
4337	120
4338	170
4339	170
4340	615
4341	420
4342	420
4343	442.5
4344	355
4345	105
4346	55
4347	55
4348	55
4349	55
4350	55
4351	392.5
4352	457.5
4353	420
4354	55
4355	55
4356	250
4357	55
4358	120
4359	120
4360	120
4361	120
4362	170
4363	170
4364	615
4365	420
4366	420
4367	442.5
4368	355
4369	105
4370	55
4371	55
4372	55
4373	55
4374	55
4375	392.5
4376	457.5
4377	420
4378	55
4379	55
4380	250
4381	55
4382	120
4383	120
4384	120
4385	120
4386	170
4387	170
4388	615
4389	420
4390	420
4391	442.5
4392	355
4393	105
4394	55
4395	55
4396	55
4397	55
4398	55
4399	392.5
4400	457.5
4401	420
4402	55
4403	55
4404	250
4405	55
4406	120
4407	120
4408	120
4409	120
4410	170
4411	170
4412	615
4413	420
4414	420
4415	442.5
4416	355
4417	105
4418	55
4419	55
4420	55
4421	55
4422	55
4423	392.5
4424	457.5
4425	420
4426	55
4427	55
4428	250
4429	55
4430	120
4431	120
4432	120
4433	120
4434	170
4435	170
4436	615
4437	420
4438	420
4439	442.5
4440	355
4441	105
4442	55
4443	55
4444	55
4445	55
4446	55
4447	392.5
4448	457.5
4449	420
4450	55
4451	55
4452	250
4453	55
4454	120
4455	120
4456	120
4457	120
4458	170
4459	170
4460	615
4461	420
4462	420
4463	442.5
4464	355
4465	105
4466	55
4467	55
4468	55
4469	55
4470	55
4471	392.5
4472	457.5
4473	420
4474	55
4475	55
4476	250
4477	55
4478	120
4479	120
4480	120
4481	120
4482	170
4483	170
4484	615
4485	420
4486	420
4487	442.5
4488	355
4489	105
4490	55
4491	55
4492	55
4493	55
4494	55
4495	392.5
4496	457.5
4497	420
4498	55
4499	55
4500	250
4501	55
4502	120
4503	120
4504	120
4505	120
4506	170
4507	170
4508	615
4509	420
4510	420
4511	442.5
4512	355
4513	105
4514	55
4515	55
4516	55
4517	55
4518	55
4519	392.5
4520	457.5
4521	420
4522	55
4523	55
4524	250
4525	55
4526	120
4527	120
4528	120
4529	120
4530	170
4531	170
4532	615
4533	420
4534	420
4535	442.5
4536	355
4537	105
4538	55
4539	55
4540	55
4541	55
4542	55
4543	392.5
4544	457.5
4545	420
4546	55
4547	55
4548	250
4549	55
4550	120
4551	120
4552	120
4553	120
4554	170
4555	170
4556	615
4557	420
4558	420
4559	442.5
4560	355
4561	105
4562	55
4563	55
4564	55
4565	55
4566	55
4567	392.5
4568	457.5
4569	420
4570	55
4571	55
4572	250
4573	55
4574	120
4575	120
4576	120
4577	120
4578	170
4579	170
4580	615
4581	420
4582	420
4583	442.5
4584	355
4585	105
4586	55
4587	55
4588	55
4589	55
4590	55
4591	392.5
4592	457.5
4593	420
4594	55
4595	55
4596	250
4597	55
4598	120
4599	120
4600	120
4601	120
4602	170
4603	170
4604	615
4605	420
4606	420
4607	442.5
4608	355
4609	105
4610	55
4611	55
4612	55
4613	55
4614	55
4615	392.5
4616	457.5
4617	420
4618	55
4619	55
4620	250
4621	55
4622	120
4623	120
4624	120
4625	120
4626	170
4627	170
4628	615
4629	420
4630	420
4631	442.5
4632	355
4633	105
4634	55
4635	55
4636	55
4637	55
4638	55
4639	392.5
4640	457.5
4641	420
4642	55
4643	55
4644	250
4645	55
4646	120
4647	120
4648	120
4649	120
4650	170
4651	170
4652	615
4653	420
4654	420
4655	442.5
4656	355
4657	105
4658	55
4659	55
4660	55
4661	55
4662	55
4663	392.5
4664	457.5
4665	420
4666	55
4667	55
4668	250
4669	55
4670	120
4671	120
4672	120
4673	120
4674	170
4675	170
4676	615
4677	420
4678	420
4679	442.5
4680	355
4681	105
4682	55
4683	55
4684	55
4685	55
4686	55
4687	392.5
4688	457.5
4689	420
4690	55
4691	55
4692	250
4693	55
4694	120
4695	120
4696	120
4697	120
4698	170
4699	170
4700	615
4701	420
4702	420
4703	442.5
4704	355
4705	105
4706	55
4707	55
4708	55
4709	55
4710	55
4711	392.5
4712	457.5
4713	420
4714	55
4715	55
4716	250
4717	55
4718	120
4719	120
4720	120
4721	120
4722	170
4723	170
4724	615
4725	420
4726	420
4727	442.5
4728	355
4729	105
4730	55
4731	55
4732	55
4733	55
4734	55
4735	392.5
4736	457.5
4737	420
4738	55
4739	55
4740	250
4741	55
4742	120
4743	120
4744	120
4745	120
4746	170
4747	170
4748	615
4749	420
4750	420
4751	442.5
4752	355
4753	105
4754	55
4755	55
4756	55
4757	55
4758	55
4759	392.5
4760	457.5
4761	420
4762	55
4763	55
4764	250
4765	55
4766	120
4767	120
4768	120
4769	120
4770	170
4771	170
4772	615
4773	420
4774	420
4775	442.5
4776	355
4777	105
4778	55
4779	55
4780	55
4781	55
4782	55
4783	392.5
4784	457.5
4785	420
4786	55
4787	55
4788	250
4789	55
4790	120
4791	120
4792	120
4793	120
4794	170
4795	170
4796	615
4797	420
4798	420
4799	442.5
4800	355
4801	105
4802	55
4803	55
4804	55
4805	55
4806	55
4807	392.5
4808	457.5
4809	420
4810	55
4811	55
4812	250
4813	55
4814	120
4815	120
4816	120
4817	120
4818	170
4819	170
4820	615
4821	420
4822	420
4823	442.5
4824	355
4825	105
4826	55
4827	55
4828	55
4829	55
4830	55
4831	392.5
4832	457.5
4833	420
4834	55
4835	55
4836	250
4837	55
4838	120
4839	120
4840	120
4841	120
4842	170
4843	170
4844	615
4845	420
4846	420
4847	442.5
4848	355
4849	105
4850	55
4851	55
4852	55
4853	55
4854	55
4855	392.5
4856	457.5
4857	420
4858	55
4859	55
4860	250
4861	55
4862	120
4863	120
4864	120
4865	120
4866	170
4867	170
4868	615
4869	420
4870	420
4871	442.5
4872	355
4873	105
4874	55
4875	55
4876	55
4877	55
4878	55
4879	392.5
4880	457.5
4881	420
4882	55
4883	55
4884	250
4885	55
4886	120
4887	120
4888	120
4889	120
4890	170
4891	170
4892	615
4893	420
4894	420
4895	442.5
4896	355
4897	105
4898	55
4899	55
4900	55
4901	55
4902	55
4903	392.5
4904	457.5
4905	420
4906	55
4907	55
4908	250
4909	55
4910	120
4911	120
4912	120
4913	120
4914	170
4915	170
4916	615
4917	420
4918	420
4919	442.5
4920	355
4921	105
4922	55
4923	55
4924	55
4925	55
4926	55
4927	392.5
4928	457.5
4929	420
4930	55
4931	55
4932	250
4933	55
4934	120
4935	120
4936	120
4937	120
4938	170
4939	170
4940	615
4941	420
4942	420
4943	442.5
4944	355
4945	105
4946	55
4947	55
4948	55
4949	55
4950	55
4951	392.5
4952	457.5
4953	420
4954	55
4955	55
4956	250
4957	55
4958	120
4959	120
4960	120
4961	120
4962	170
4963	170
4964	615
4965	420
4966	420
4967	442.5
4968	355
4969	105
4970	55
4971	55
4972	55
4973	55
4974	55
4975	392.5
4976	457.5
4977	420
4978	55
4979	55
4980	250
4981	55
4982	120
4983	120
4984	120
4985	120
4986	170
4987	170
4988	615
4989	420
4990	420
4991	442.5
4992	355
4993	105
4994	55
4995	55
4996	55
4997	55
4998	55
4999	392.5
5000	457.5
5001	420
5002	55
5003	55
5004	250
5005	55
5006	120
5007	120
5008	120
5009	120
5010	170
5011	170
5012	615
5013	420
5014	420
5015	442.5
5016	355
5017	105
5018	55
5019	55
5020	55
5021	55
5022	55
5023	392.5
5024	457.5
5025	420
5026	55
5027	55
5028	250
5029	55
5030	120
5031	120
5032	120
5033	120
5034	170
5035	170
5036	615
5037	420
5038	420
5039	442.5
5040	355
5041	105
5042	55
5043	55
5044	55
5045	55
5046	55
5047	392.5
5048	457.5
5049	420
5050	55
5051	55
5052	250
5053	55
5054	120
5055	120
5056	120
5057	120
5058	170
5059	170
5060	615
5061	420
5062	420
5063	442.5
5064	355
5065	105
5066	55
5067	55
5068	55
5069	55
5070	55
5071	392.5
5072	457.5
5073	420
5074	55
5075	55
5076	250
5077	55
5078	120
5079	120
5080	120
5081	120
5082	170
5083	170
5084	615
5085	420
5086	420
5087	442.5
5088	355
5089	105
5090	55
5091	55
5092	55
5093	55
5094	55
5095	392.5
5096	457.5
5097	420
5098	55
5099	55
5100	250
5101	55
5102	120
5103	120
5104	120
5105	120
5106	170
5107	170
5108	615
5109	420
5110	420
5111	442.5
5112	355
5113	105
5114	55
5115	55
5116	55
5117	55
5118	55
5119	392.5
5120	457.5
5121	420
5122	55
5123	55
5124	250
5125	55
5126	120
5127	120
5128	120
5129	120
5130	170
5131	170
5132	615
5133	420
5134	420
5135	442.5
5136	355
5137	105
5138	55
5139	55
5140	55
5141	55
5142	55
5143	392.5
5144	457.5
5145	420
5146	55
5147	55
5148	250
5149	55
5150	120
5151	120
5152	120
5153	120
5154	170
5155	170
5156	615
5157	420
5158	420
5159	442.5
5160	355
5161	105
5162	55
5163	55
5164	55
5165	55
5166	55
5167	392.5
5168	457.5
5169	420
5170	55
5171	55
5172	250
5173	55
5174	120
5175	120
5176	120
5177	120
5178	170
5179	170
5180	615
5181	420
5182	420
5183	442.5
5184	355
5185	105
5186	55
5187	55
5188	55
5189	55
5190	55
5191	392.5
5192	457.5
5193	420
5194	55
5195	55
5196	250
5197	55
5198	120
5199	120
5200	120
5201	120
5202	170
5203	170
5204	615
5205	420
5206	420
5207	442.5
5208	355
5209	105
5210	55
5211	55
5212	55
5213	55
5214	55
5215	392.5
5216	457.5
5217	420
5218	55
5219	55
5220	250
5221	55
5222	120
5223	120
5224	120
5225	120
5226	170
5227	170
5228	615
5229	420
5230	420
5231	442.5
5232	355
5233	105
5234	55
5235	55
5236	55
5237	55
5238	55
5239	392.5
5240	457.5
5241	420
5242	55
5243	55
5244	250
5245	55
5246	120
5247	120
5248	120
5249	120
5250	170
5251	170
5252	615
5253	420
5254	420
5255	442.5
5256	355
5257	105
5258	55
5259	55
5260	55
5261	55
5262	55
5263	392.5
5264	457.5
5265	420
5266	55
5267	55
5268	250
5269	55
5270	120
5271	120
5272	120
5273	120
5274	170
5275	170
5276	615
5277	420
5278	420
5279	442.5
5280	355
5281	105
5282	55
5283	55
5284	55
5285	55
5286	55
5287	392.5
5288	457.5
5289	420
5290	55
5291	55
5292	250
5293	55
5294	120
5295	120
5296	120
5297	120
5298	170
5299	170
5300	615
5301	420
5302	420
5303	442.5
5304	355
5305	105
5306	55
5307	55
5308	55
5309	55
5310	55
5311	392.5
5312	457.5
5313	420
5314	55
5315	55
5316	250
5317	55
5318	120
5319	120
5320	120
5321	120
5322	170
5323	170
5324	615
5325	420
5326	420
5327	442.5
5328	355
5329	105
5330	55
5331	55
5332	55
5333	55
5334	55
5335	392.5
5336	457.5
5337	420
5338	55
5339	55
5340	250
5341	55
5342	120
5343	120
5344	120
5345	120
5346	170
5347	170
5348	615
5349	420
5350	420
5351	442.5
5352	355
5353	105
5354	55
5355	55
5356	55
5357	55
5358	55
5359	392.5
5360	457.5
5361	420
5362	55
5363	55
5364	250
5365	55
5366	120
5367	120
5368	120
5369	120
5370	170
5371	170
5372	615
5373	420
5374	420
5375	442.5
5376	355
5377	105
5378	55
5379	55
5380	55
5381	55
5382	55
5383	392.5
5384	457.5
5385	420
5386	55
5387	55
5388	250
5389	55
5390	120
5391	120
5392	120
5393	120
5394	170
5395	170
5396	615
5397	420
5398	420
5399	442.5
5400	355
5401	105
5402	55
5403	55
5404	55
5405	55
5406	55
5407	392.5
5408	457.5
5409	420
5410	55
5411	55
5412	250
5413	55
5414	120
5415	120
5416	120
5417	120
5418	170
5419	170
5420	615
5421	420
5422	420
5423	442.5
5424	355
5425	105
5426	55
5427	55
5428	55
5429	55
5430	55
5431	392.5
5432	457.5
5433	420
5434	55
5435	55
5436	250
5437	55
5438	120
5439	120
5440	120
5441	120
5442	170
5443	170
5444	615
5445	420
5446	420
5447	442.5
5448	355
5449	105
5450	55
5451	55
5452	55
5453	55
5454	55
5455	392.5
5456	457.5
5457	420
5458	55
5459	55
5460	250
5461	55
5462	120
5463	120
5464	120
5465	120
5466	170
5467	170
5468	615
5469	420
5470	420
5471	442.5
5472	355
5473	105
5474	55
5475	55
5476	55
5477	55
5478	55
5479	392.5
5480	457.5
5481	420
5482	55
5483	55
5484	250
5485	55
5486	120
5487	120
5488	120
5489	120
5490	170
5491	170
5492	615
5493	420
5494	420
5495	442.5
5496	355
5497	105
5498	55
5499	55
5500	55
5501	55
5502	55
5503	392.5
5504	457.5
5505	420
5506	55
5507	55
5508	250
5509	55
5510	120
5511	120
5512	120
5513	120
5514	170
5515	170
5516	615
5517	420
5518	420
5519	442.5
5520	355
5521	105
5522	55
5523	55
5524	55
5525	55
5526	55
5527	392.5
5528	457.5
5529	420
5530	55
5531	55
5532	250
5533	55
5534	120
5535	120
5536	120
5537	120
5538	170
5539	170
5540	615
5541	420
5542	420
5543	442.5
5544	355
5545	105
5546	55
5547	55
5548	55
5549	55
5550	55
5551	392.5
5552	457.5
5553	420
5554	55
5555	55
5556	250
5557	55
5558	120
5559	120
5560	120
5561	120
5562	170
5563	170
5564	615
5565	420
5566	420
5567	442.5
5568	355
5569	105
5570	55
5571	55
5572	55
5573	55
5574	55
5575	392.5
5576	457.5
5577	420
5578	55
5579	55
5580	250
5581	55
5582	120
5583	120
5584	120
5585	120
5586	170
5587	170
5588	615
5589	420
5590	420
5591	442.5
5592	355
5593	105
5594	55
5595	55
5596	55
5597	55
5598	55
5599	392.5
5600	457.5
5601	420
5602	55
5603	55
5604	250
5605	55
5606	120
5607	120
5608	120
5609	120
5610	170
5611	170
5612	615
5613	420
5614	420
5615	442.5
5616	355
5617	105
5618	55
5619	55
5620	55
5621	55
5622	55
5623	392.5
5624	457.5
5625	420
5626	55
5627	55
5628	250
5629	55
5630	120
5631	120
5632	120
5633	120
5634	170
5635	170
5636	615
5637	420
5638	420
5639	442.5
5640	355
5641	105
5642	55
5643	55
5644	55
5645	55
5646	55
5647	392.5
5648	457.5
5649	420
5650	55
5651	55
5652	250
5653	55
5654	120
5655	120
5656	120
5657	120
5658	170
5659	170
5660	615
5661	420
5662	420
5663	442.5
5664	355
5665	105
5666	55
5667	55
5668	55
5669	55
5670	55
5671	392.5
5672	457.5
5673	420
5674	55
5675	55
5676	250
5677	55
5678	120
5679	120
5680	120
5681	120
5682	170
5683	170
5684	615
5685	420
5686	420
5687	442.5
5688	355
5689	105
5690	55
5691	55
5692	55
5693	55
5694	55
5695	392.5
5696	457.5
5697	420
5698	55
5699	55
5700	250
5701	55
5702	120
5703	120
5704	120
5705	120
5706	170
5707	170
5708	615
5709	420
5710	420
5711	442.5
5712	355
5713	105
5714	55
5715	55
5716	55
5717	55
5718	55
5719	392.5
5720	457.5
5721	420
5722	55
5723	55
5724	250
5725	55
5726	120
5727	120
5728	120
5729	120
5730	170
5731	170
5732	615
5733	420
5734	420
5735	442.5
5736	355
5737	105
5738	55
5739	55
5740	55
5741	55
5742	55
5743	392.5
5744	457.5
5745	420
5746	55
5747	55
5748	250
5749	55
5750	120
5751	120
5752	120
5753	120
5754	170
5755	170
5756	615
5757	420
5758	420
5759	442.5
5760	355
5761	105
5762	55
5763	55
5764	55
5765	55
5766	55
5767	392.5
5768	457.5
5769	420
5770	55
5771	55
5772	250
5773	55
5774	120
5775	120
5776	120
5777	120
5778	170
5779	170
5780	615
5781	420
5782	420
5783	442.5
5784	355
5785	105
5786	55
5787	55
5788	55
5789	55
5790	55
5791	392.5
5792	457.5
5793	420
5794	55
5795	55
5796	250
5797	55
5798	120
5799	120
5800	120
5801	120
5802	170
5803	170
5804	615
5805	420
5806	420
5807	442.5
5808	355
5809	105
5810	55
5811	55
5812	55
5813	55
5814	55
5815	392.5
5816	457.5
5817	420
5818	55
5819	55
5820	250
5821	55
5822	120
5823	120
5824	120
5825	120
5826	170
5827	170
5828	615
5829	420
5830	420
5831	442.5
5832	355
5833	105
5834	55
5835	55
5836	55
5837	55
5838	55
5839	392.5
5840	457.5
5841	420
5842	55
5843	55
5844	250
5845	55
5846	120
5847	120
5848	120
5849	120
5850	170
5851	170
5852	615
5853	420
5854	420
5855	442.5
5856	355
5857	105
5858	55
5859	55
5860	55
5861	55
5862	55
5863	392.5
5864	457.5
5865	420
5866	55
5867	55
5868	250
5869	55
5870	120
5871	120
5872	120
5873	120
5874	170
5875	170
5876	615
5877	420
5878	420
5879	442.5
5880	355
5881	105
5882	55
5883	55
5884	55
5885	55
5886	55
5887	392.5
5888	457.5
5889	420
5890	55
5891	55
5892	250
5893	55
5894	120
5895	120
5896	120
5897	120
5898	170
5899	170
5900	615
5901	420
5902	420
5903	442.5
5904	355
5905	105
5906	55
5907	55
5908	55
5909	55
5910	55
5911	392.5
5912	457.5
5913	420
5914	55
5915	55
5916	250
5917	55
5918	120
5919	120
5920	120
5921	120
5922	170
5923	170
5924	615
5925	420
5926	420
5927	442.5
5928	355
5929	105
5930	55
5931	55
5932	55
5933	55
5934	55
5935	392.5
5936	457.5
5937	420
5938	55
5939	55
5940	250
5941	55
5942	120
5943	120
5944	120
5945	120
5946	170
5947	170
5948	615
5949	420
5950	420
5951	442.5
5952	355
5953	105
5954	55
5955	55
5956	55
5957	55
5958	55
5959	392.5
5960	457.5
5961	420
5962	55
5963	55
5964	250
5965	55
5966	120
5967	120
5968	120
5969	120
5970	170
5971	170
5972	615
5973	420
5974	420
5975	442.5
5976	355
5977	105
5978	55
5979	55
5980	55
5981	55
5982	55
5983	392.5
5984	457.5
5985	420
5986	55
5987	55
5988	250
5989	55
5990	120
5991	120
5992	120
5993	120
5994	170
5995	170
5996	615
5997	420
5998	420
5999	442.5
6000	355
6001	105
6002	55
6003	55
6004	55
6005	55
6006	55
6007	392.5
6008	457.5
6009	420
6010	55
6011	55
6012	250
6013	55
6014	120
6015	120
6016	120
6017	120
6018	170
6019	170
6020	615
6021	420
6022	420
6023	442.5
6024	355
6025	105
6026	55
6027	55
6028	55
6029	55
6030	55
6031	392.5
6032	457.5
6033	420
6034	55
6035	55
6036	250
6037	55
6038	120
6039	120
6040	120
6041	120
6042	170
6043	170
6044	615
6045	420
6046	420
6047	442.5
6048	355
6049	105
6050	55
6051	55
6052	55
6053	55
6054	55
6055	392.5
6056	457.5
6057	420
6058	55
6059	55
6060	250
6061	55
6062	120
6063	120
6064	120
6065	120
6066	170
6067	170
6068	615
6069	420
6070	420
6071	442.5
6072	355
6073	105
6074	55
6075	55
6076	55
6077	55
6078	55
6079	392.5
6080	457.5
6081	420
6082	55
6083	55
6084	250
6085	55
6086	120
6087	120
6088	120
6089	120
6090	170
6091	170
6092	615
6093	420
6094	420
6095	442.5
6096	355
6097	105
6098	55
6099	55
6100	55
6101	55
6102	55
6103	392.5
6104	457.5
6105	420
6106	55
6107	55
6108	250
6109	55
6110	120
6111	120
6112	120
6113	120
6114	170
6115	170
6116	615
6117	420
6118	420
6119	442.5
6120	355
6121	105
6122	55
6123	55
6124	55
6125	55
6126	55
6127	392.5
6128	457.5
6129	420
6130	55
6131	55
6132	250
6133	55
6134	120
6135	120
6136	120
6137	120
6138	170
6139	170
6140	615
6141	420
6142	420
6143	442.5
6144	355
6145	105
6146	55
6147	55
6148	55
6149	55
6150	55
6151	392.5
6152	457.5
6153	420
6154	55
6155	55
6156	250
6157	55
6158	120
6159	120
6160	120
6161	120
6162	170
6163	170
6164	615
6165	420
6166	420
6167	442.5
6168	355
6169	105
6170	55
6171	55
6172	55
6173	55
6174	55
6175	392.5
6176	457.5
6177	420
6178	55
6179	55
6180	250
6181	55
6182	120
6183	120
6184	120
6185	120
6186	170
6187	170
6188	615
6189	420
6190	420
6191	442.5
6192	355
6193	105
6194	55
6195	55
6196	55
6197	55
6198	55
6199	392.5
6200	457.5
6201	420
6202	55
6203	55
6204	250
6205	55
6206	120
6207	120
6208	120
6209	120
6210	170
6211	170
6212	615
6213	420
6214	420
6215	442.5
6216	355
6217	105
6218	55
6219	55
6220	55
6221	55
6222	55
6223	392.5
6224	457.5
6225	420
6226	55
6227	55
6228	250
6229	55
6230	120
6231	120
6232	120
6233	120
6234	170
6235	170
6236	615
6237	420
6238	420
6239	442.5
6240	355
6241	105
6242	55
6243	55
6244	55
6245	55
6246	55
6247	392.5
6248	457.5
6249	420
6250	55
6251	55
6252	250
6253	55
6254	120
6255	120
6256	120
6257	120
6258	170
6259	170
6260	615
6261	420
6262	420
6263	442.5
6264	355
6265	105
6266	55
6267	55
6268	55
6269	55
6270	55
6271	392.5
6272	457.5
6273	420
6274	55
6275	55
6276	250
6277	55
6278	120
6279	120
6280	120
6281	120
6282	170
6283	170
6284	615
6285	420
6286	420
6287	442.5
6288	355
6289	105
6290	55
6291	55
6292	55
6293	55
6294	55
6295	392.5
6296	457.5
6297	420
6298	55
6299	55
6300	250
6301	55
6302	120
6303	120
6304	120
6305	120
6306	170
6307	170
6308	615
6309	420
6310	420
6311	442.5
6312	355
6313	105
6314	55
6315	55
6316	55
6317	55
6318	55
6319	392.5
6320	457.5
6321	420
6322	55
6323	55
6324	250
6325	55
6326	120
6327	120
6328	120
6329	120
6330	170
6331	170
6332	615
6333	420
6334	420
6335	442.5
6336	355
6337	105
6338	55
6339	55
6340	55
6341	55
6342	55
6343	392.5
6344	457.5
6345	420
6346	55
6347	55
6348	250
6349	55
6350	120
6351	120
6352	120
6353	120
6354	170
6355	170
6356	615
6357	420
6358	420
6359	442.5
6360	355
6361	105
6362	55
6363	55
6364	55
6365	55
6366	55
6367	392.5
6368	457.5
6369	420
6370	55
6371	55
6372	250
6373	55
6374	120
6375	120
6376	120
6377	120
6378	170
6379	170
6380	615
6381	420
6382	420
6383	442.5
6384	355
6385	105
6386	55
6387	55
6388	55
6389	55
6390	55
6391	392.5
6392	457.5
6393	420
6394	55
6395	55
6396	250
6397	55
6398	120
6399	120
6400	120
6401	120
6402	170
6403	170
6404	615
6405	420
6406	420
6407	442.5
6408	355
6409	105
6410	55
6411	55
6412	55
6413	55
6414	55
6415	392.5
6416	457.5
6417	420
6418	55
6419	55
6420	250
6421	55
6422	120
6423	120
6424	120
6425	120
6426	170
6427	170
6428	615
6429	420
6430	420
6431	442.5
6432	355
6433	105
6434	55
6435	55
6436	55
6437	55
6438	55
6439	392.5
6440	457.5
6441	420
6442	55
6443	55
6444	250
6445	55
6446	120
6447	120
6448	120
6449	120
6450	170
6451	170
6452	615
6453	420
6454	420
6455	442.5
6456	355
6457	105
6458	55
6459	55
6460	55
6461	55
6462	55
6463	392.5
6464	457.5
6465	420
6466	55
6467	55
6468	250
6469	55
6470	120
6471	120
6472	120
6473	120
6474	170
6475	170
6476	615
6477	420
6478	420
6479	442.5
6480	355
6481	105
6482	55
6483	55
6484	55
6485	55
6486	55
6487	392.5
6488	457.5
6489	420
6490	55
6491	55
6492	250
6493	55
6494	120
6495	120
6496	120
6497	120
6498	170
6499	170
6500	615
6501	420
6502	420
6503	442.5
6504	355
6505	105
6506	55
6507	55
6508	55
6509	55
6510	55
6511	392.5
6512	457.5
6513	420
6514	55
6515	55
6516	250
6517	55
6518	120
6519	120
6520	120
6521	120
6522	170
6523	170
6524	615
6525	420
6526	420
6527	442.5
6528	355
6529	105
6530	55
6531	55
6532	55
6533	55
6534	55
6535	392.5
6536	457.5
6537	420
6538	55
6539	55
6540	250
6541	55
6542	120
6543	120
6544	120
6545	120
6546	170
6547	170
6548	615
6549	420
6550	420
6551	442.5
6552	355
6553	105
6554	55
6555	55
6556	55
6557	55
6558	55
6559	392.5
6560	457.5
6561	420
6562	55
6563	55
6564	250
6565	55
6566	120
6567	120
6568	120
6569	120
6570	170
6571	170
6572	615
6573	420
6574	420
6575	442.5
6576	355
6577	105
6578	55
6579	55
6580	55
6581	55
6582	55
6583	392.5
6584	457.5
6585	420
6586	55
6587	55
6588	250
6589	55
6590	120
6591	120
6592	120
6593	120
6594	170
6595	170
6596	615
6597	420
6598	420
6599	442.5
6600	355
6601	105
6602	55
6603	55
6604	55
6605	55
6606	55
6607	392.5
6608	457.5
6609	420
6610	55
6611	55
6612	250
6613	55
6614	120
6615	120
6616	120
6617	120
6618	170
6619	170
6620	615
6621	420
6622	420
6623	442.5
6624	355
6625	105
6626	55
6627	55
6628	55
6629	55
6630	55
6631	392.5
6632	457.5
6633	420
6634	55
6635	55
6636	250
6637	55
6638	120
6639	120
6640	120
6641	120
6642	170
6643	170
6644	615
6645	420
6646	420
6647	442.5
6648	355
6649	105
6650	55
6651	55
6652	55
6653	55
6654	55
6655	392.5
6656	457.5
6657	420
6658	55
6659	55
6660	250
6661	55
6662	120
6663	120
6664	120
6665	120
6666	170
6667	170
6668	615
6669	420
6670	420
6671	442.5
6672	355
6673	105
6674	55
6675	55
6676	55
6677	55
6678	55
6679	392.5
6680	457.5
6681	420
6682	55
6683	55
6684	250
6685	55
6686	120
6687	120
6688	120
6689	120
6690	170
6691	170
6692	615
6693	420
6694	420
6695	442.5
6696	355
6697	105
6698	55
6699	55
6700	55
6701	55
6702	55
6703	392.5
6704	457.5
6705	420
6706	55
6707	55
6708	250
6709	55
6710	120
6711	120
6712	120
6713	120
6714	170
6715	170
6716	615
6717	420
6718	420
6719	442.5
6720	355
6721	105
6722	55
6723	55
6724	55
6725	55
6726	55
6727	392.5
6728	457.5
6729	420
6730	55
6731	55
6732	250
6733	55
6734	120
6735	120
6736	120
6737	120
6738	170
6739	170
6740	615
6741	420
6742	420
6743	442.5
6744	355
6745	105
6746	55
6747	55
6748	55
6749	55
6750	55
6751	392.5
6752	457.5
6753	420
6754	55
6755	55
6756	250
6757	55
6758	120
6759	120
6760	120
6761	120
6762	170
6763	170
6764	615
6765	420
6766	420
6767	442.5
6768	355
6769	105
6770	55
6771	55
6772	55
6773	55
6774	55
6775	392.5
6776	457.5
6777	420
6778	55
6779	55
6780	250
6781	55
6782	120
6783	120
6784	120
6785	120
6786	170
6787	170
6788	615
6789	420
6790	420
6791	442.5
6792	355
6793	105
6794	55
6795	55
6796	55
6797	55
6798	55
6799	392.5
6800	457.5
6801	420
6802	55
6803	55
6804	250
6805	55
6806	120
6807	120
6808	120
6809	120
6810	170
6811	170
6812	615
6813	420
6814	420
6815	442.5
6816	355
6817	105
6818	55
6819	55
6820	55
6821	55
6822	55
6823	392.5
6824	457.5
6825	420
6826	55
6827	55
6828	250
6829	55
6830	120
6831	120
6832	120
6833	120
6834	170
6835	170
6836	615
6837	420
6838	420
6839	442.5
6840	355
6841	105
6842	55
6843	55
6844	55
6845	55
6846	55
6847	392.5
6848	457.5
6849	420
6850	55
6851	55
6852	250
6853	55
6854	120
6855	120
6856	120
6857	120
6858	170
6859	170
6860	615
6861	420
6862	420
6863	442.5
6864	355
6865	105
6866	55
6867	55
6868	55
6869	55
6870	55
6871	392.5
6872	457.5
6873	420
6874	55
6875	55
6876	250
6877	55
6878	120
6879	120
6880	120
6881	120
6882	170
6883	170
6884	615
6885	420
6886	420
6887	442.5
6888	355
6889	105
6890	55
6891	55
6892	55
6893	55
6894	55
6895	392.5
6896	457.5
6897	420
6898	55
6899	55
6900	250
6901	55
6902	120
6903	120
6904	120
6905	120
6906	170
6907	170
6908	615
6909	420
6910	420
6911	442.5
6912	355
6913	105
6914	55
6915	55
6916	55
6917	55
6918	55
6919	392.5
6920	457.5
6921	420
6922	55
6923	55
6924	250
6925	55
6926	120
6927	120
6928	120
6929	120
6930	170
6931	170
6932	615
6933	420
6934	420
6935	442.5
6936	355
6937	105
6938	55
6939	55
6940	55
6941	55
6942	55
6943	392.5
6944	457.5
6945	420
6946	55
6947	55
6948	250
6949	55
6950	120
6951	120
6952	120
6953	120
6954	170
6955	170
6956	615
6957	420
6958	420
6959	442.5
6960	355
6961	105
6962	55
6963	55
6964	55
6965	55
6966	55
6967	392.5
6968	457.5
6969	420
6970	55
6971	55
6972	250
6973	55
6974	120
6975	120
6976	120
6977	120
6978	170
6979	170
6980	615
6981	420
6982	420
6983	442.5
6984	355
6985	105
6986	55
6987	55
6988	55
6989	55
6990	55
6991	392.5
6992	457.5
6993	420
6994	55
6995	55
6996	250
6997	55
6998	120
6999	120
7000	120
7001	120
7002	170
7003	170
7004	615
7005	420
7006	420
7007	442.5
7008	355
7009	105
7010	55
7011	55
7012	55
7013	55
7014	55
7015	392.5
7016	457.5
7017	420
7018	55
7019	55
7020	250
7021	55
7022	120
7023	120
7024	120
7025	120
7026	170
7027	170
7028	615
7029	420
7030	420
7031	442.5
7032	355
7033	105
7034	55
7035	55
7036	55
7037	55
7038	55
7039	392.5
7040	457.5
7041	420
7042	55
7043	55
7044	250
7045	55
7046	120
7047	120
7048	120
7049	120
7050	170
7051	170
7052	615
7053	420
7054	420
7055	442.5
7056	355
7057	105
7058	55
7059	55
7060	55
7061	55
7062	55
7063	392.5
7064	457.5
7065	420
7066	55
7067	55
7068	250
7069	55
7070	120
7071	120
7072	120
7073	120
7074	170
7075	170
7076	615
7077	420
7078	420
7079	442.5
7080	355
7081	105
7082	55
7083	55
7084	55
7085	55
7086	55
7087	392.5
7088	457.5
7089	420
7090	55
7091	55
7092	250
7093	55
7094	120
7095	120
7096	120
7097	120
7098	170
7099	170
7100	615
7101	420
7102	420
7103	442.5
7104	355
7105	105
7106	55
7107	55
7108	55
7109	55
7110	55
7111	392.5
7112	457.5
7113	420
7114	55
7115	55
7116	250
7117	55
7118	120
7119	120
7120	120
7121	120
7122	170
7123	170
7124	615
7125	420
7126	420
7127	442.5
7128	355
7129	105
7130	55
7131	55
7132	55
7133	55
7134	55
7135	392.5
7136	457.5
7137	420
7138	55
7139	55
7140	250
7141	55
7142	120
7143	120
7144	120
7145	120
7146	170
7147	170
7148	615
7149	420
7150	420
7151	442.5
7152	355
7153	105
7154	55
7155	55
7156	55
7157	55
7158	55
7159	392.5
7160	457.5
7161	420
7162	55
7163	55
7164	250
7165	55
7166	120
7167	120
7168	120
7169	120
7170	170
7171	170
7172	615
7173	420
7174	420
7175	442.5
7176	355
7177	105
7178	55
7179	55
7180	55
7181	55
7182	55
7183	392.5
7184	457.5
7185	420
7186	55
7187	55
7188	250
7189	55
7190	120
7191	120
7192	120
7193	120
7194	170
7195	170
7196	615
7197	420
7198	420
7199	442.5
7200	355
7201	105
7202	55
7203	55
7204	55
7205	55
7206	55
7207	392.5
7208	457.5
7209	420
7210	55
7211	55
7212	250
7213	55
7214	120
7215	120
7216	120
7217	120
7218	170
7219	170
7220	615
7221	420
7222	420
7223	442.5
7224	355
7225	105
7226	55
7227	55
7228	55
7229	55
7230	55
7231	392.5
7232	457.5
7233	420
7234	55
7235	55
7236	250
7237	55
7238	120
7239	120
7240	120
7241	120
7242	170
7243	170
7244	615
7245	420
7246	420
7247	442.5
7248	355
7249	105
7250	55
7251	55
7252	55
7253	55
7254	55
7255	392.5
7256	457.5
7257	420
7258	55
7259	55
7260	250
7261	55
7262	120
7263	120
7264	120
7265	120
7266	170
7267	170
7268	615
7269	420
7270	420
7271	442.5
7272	355
7273	105
7274	55
7275	55
7276	55
7277	55
7278	55
7279	392.5
7280	457.5
7281	420
7282	55
7283	55
7284	250
7285	55
7286	120
7287	120
7288	120
7289	120
7290	170
7291	170
7292	615
7293	420
7294	420
7295	442.5
7296	355
7297	105
7298	55
7299	55
7300	55
7301	55
7302	55
7303	392.5
7304	457.5
7305	420
7306	55
7307	55
7308	250
7309	55
7310	120
7311	120
7312	120
7313	120
7314	170
7315	170
7316	615
7317	420
7318	420
7319	442.5
7320	355
7321	105
7322	55
7323	55
7324	55
7325	55
7326	55
7327	392.5
7328	457.5
7329	420
7330	55
7331	55
7332	250
7333	55
7334	120
7335	120
7336	120
7337	120
7338	170
7339	170
7340	615
7341	420
7342	420
7343	442.5
7344	355
7345	105
7346	55
7347	55
7348	55
7349	55
7350	55
7351	392.5
7352	457.5
7353	420
7354	55
7355	55
7356	250
7357	55
7358	120
7359	120
7360	120
7361	120
7362	170
7363	170
7364	615
7365	420
7366	420
7367	442.5
7368	355
7369	105
7370	55
7371	55
7372	55
7373	55
7374	55
7375	392.5
7376	457.5
7377	420
7378	55
7379	55
7380	250
7381	55
7382	120
7383	120
7384	120
7385	120
7386	170
7387	170
7388	615
7389	420
7390	420
7391	442.5
7392	355
7393	105
7394	55
7395	55
7396	55
7397	55
7398	55
7399	392.5
7400	457.5
7401	420
7402	55
7403	55
7404	250
7405	55
7406	120
7407	120
7408	120
7409	120
7410	170
7411	170
7412	615
7413	420
7414	420
7415	442.5
7416	355
7417	105
7418	55
7419	55
7420	55
7421	55
7422	55
7423	392.5
7424	457.5
7425	420
7426	55
7427	55
7428	250
7429	55
7430	120
7431	120
7432	120
7433	120
7434	170
7435	170
7436	615
7437	420
7438	420
7439	442.5
7440	355
7441	105
7442	55
7443	55
7444	55
7445	55
7446	55
7447	392.5
7448	457.5
7449	420
7450	55
7451	55
7452	250
7453	55
7454	120
7455	120
7456	120
7457	120
7458	170
7459	170
7460	615
7461	420
7462	420
7463	442.5
7464	355
7465	105
7466	55
7467	55
7468	55
7469	55
7470	55
7471	392.5
7472	457.5
7473	420
7474	55
7475	55
7476	250
7477	55
7478	120
7479	120
7480	120
7481	120
7482	170
7483	170
7484	615
7485	420
7486	420
7487	442.5
7488	355
7489	105
7490	55
7491	55
7492	55
7493	55
7494	55
7495	392.5
7496	457.5
7497	420
7498	55
7499	55
7500	250
7501	55
7502	120
7503	120
7504	120
7505	120
7506	170
7507	170
7508	615
7509	420
7510	420
7511	442.5
7512	355
7513	105
7514	55
7515	55
7516	55
7517	55
7518	55
7519	392.5
7520	457.5
7521	420
7522	55
7523	55
7524	250
7525	55
7526	120
7527	120
7528	120
7529	120
7530	170
7531	170
7532	615
7533	420
7534	420
7535	442.5
7536	355
7537	105
7538	55
7539	55
7540	55
7541	55
7542	55
7543	392.5
7544	457.5
7545	420
7546	55
7547	55
7548	250
7549	55
7550	120
7551	120
7552	120
7553	120
7554	170
7555	170
7556	615
7557	420
7558	420
7559	442.5
7560	355
7561	105
7562	55
7563	55
7564	55
7565	55
7566	55
7567	392.5
7568	457.5
7569	420
7570	55
7571	55
7572	250
7573	55
7574	120
7575	120
7576	120
7577	120
7578	170
7579	170
7580	615
7581	420
7582	420
7583	442.5
7584	355
7585	105
7586	55
7587	55
7588	55
7589	55
7590	55
7591	392.5
7592	457.5
7593	420
7594	55
7595	55
7596	250
7597	55
7598	120
7599	120
7600	120
7601	120
7602	170
7603	170
7604	615
7605	420
7606	420
7607	442.5
7608	355
7609	105
7610	55
7611	55
7612	55
7613	55
7614	55
7615	392.5
7616	457.5
7617	420
7618	55
7619	55
7620	250
7621	55
7622	120
7623	120
7624	120
7625	120
7626	170
7627	170
7628	615
7629	420
7630	420
7631	442.5
7632	355
7633	105
7634	55
7635	55
7636	55
7637	55
7638	55
7639	392.5
7640	457.5
7641	420
7642	55
7643	55
7644	250
7645	55
7646	120
7647	120
7648	120
7649	120
7650	170
7651	170
7652	615
7653	420
7654	420
7655	442.5
7656	355
7657	105
7658	55
7659	55
7660	55
7661	55
7662	55
7663	392.5
7664	457.5
7665	420
7666	55
7667	55
7668	250
7669	55
7670	120
7671	120
7672	120
7673	120
7674	170
7675	170
7676	615
7677	420
7678	420
7679	442.5
7680	355
7681	105
7682	55
7683	55
7684	55
7685	55
7686	55
7687	392.5
7688	457.5
7689	420
7690	55
7691	55
7692	250
7693	55
7694	120
7695	120
7696	120
7697	120
7698	170
7699	170
7700	615
7701	420
7702	420
7703	442.5
7704	355
7705	105
7706	55
7707	55
7708	55
7709	55
7710	55
7711	392.5
7712	457.5
7713	420
7714	55
7715	55
7716	250
7717	55
7718	120
7719	120
7720	120
7721	120
7722	170
7723	170
7724	615
7725	420
7726	420
7727	442.5
7728	355
7729	105
7730	55
7731	55
7732	55
7733	55
7734	55
7735	392.5
7736	457.5
7737	420
7738	55
7739	55
7740	250
7741	55
7742	120
7743	120
7744	120
7745	120
7746	170
7747	170
7748	615
7749	420
7750	420
7751	442.5
7752	355
7753	105
7754	55
7755	55
7756	55
7757	55
7758	55
7759	392.5
7760	457.5
7761	420
7762	55
7763	55
7764	250
7765	55
7766	120
7767	120
7768	120
7769	120
7770	170
7771	170
7772	615
7773	420
7774	420
7775	442.5
7776	355
7777	105
7778	55
7779	55
7780	55
7781	55
7782	55
7783	392.5
7784	457.5
7785	420
7786	55
7787	55
7788	250
7789	55
7790	120
7791	120
7792	120
7793	120
7794	170
7795	170
7796	615
7797	420
7798	420
7799	442.5
7800	355
7801	105
7802	55
7803	55
7804	55
7805	55
7806	55
7807	392.5
7808	457.5
7809	420
7810	55
7811	55
7812	250
7813	55
7814	120
7815	120
7816	120
7817	120
7818	170
7819	170
7820	615
7821	420
7822	420
7823	442.5
7824	355
7825	105
7826	55
7827	55
7828	55
7829	55
7830	55
7831	392.5
7832	457.5
7833	420
7834	55
7835	55
7836	250
7837	55
7838	120
7839	120
7840	120
7841	120
7842	170
7843	170
7844	615
7845	420
7846	420
7847	442.5
7848	355
7849	105
7850	55
7851	55
7852	55
7853	55
7854	55
7855	392.5
7856	457.5
7857	420
7858	55
7859	55
7860	250
7861	55
7862	120
7863	120
7864	120
7865	120
7866	170
7867	170
7868	615
7869	420
7870	420
7871	442.5
7872	355
7873	105
7874	55
7875	55
7876	55
7877	55
7878	55
7879	392.5
7880	457.5
7881	420
7882	55
7883	55
7884	250
7885	55
7886	120
7887	120
7888	120
7889	120
7890	170
7891	170
7892	615
7893	420
7894	420
7895	442.5
7896	355
7897	105
7898	55
7899	55
7900	55
7901	55
7902	55
7903	392.5
7904	457.5
7905	420
7906	55
7907	55
7908	250
7909	55
7910	120
7911	120
7912	120
7913	120
7914	170
7915	170
7916	615
7917	420
7918	420
7919	442.5
7920	355
7921	105
7922	55
7923	55
7924	55
7925	55
7926	55
7927	392.5
7928	457.5
7929	420
7930	55
7931	55
7932	250
7933	55
7934	120
7935	120
7936	120
7937	120
7938	170
7939	170
7940	615
7941	420
7942	420
7943	442.5
7944	355
7945	105
7946	55
7947	55
7948	55
7949	55
7950	55
7951	392.5
7952	457.5
7953	420
7954	55
7955	55
7956	250
7957	55
7958	120
7959	120
7960	120
7961	120
7962	170
7963	170
7964	615
7965	420
7966	420
7967	442.5
7968	355
7969	105
7970	55
7971	55
7972	55
7973	55
7974	55
7975	392.5
7976	457.5
7977	420
7978	55
7979	55
7980	250
7981	55
7982	120
7983	120
7984	120
7985	120
7986	170
7987	170
7988	615
7989	420
7990	420
7991	442.5
7992	355
7993	105
7994	55
7995	55
7996	55
7997	55
7998	55
7999	392.5
8000	457.5
8001	420
8002	55
8003	55
8004	250
8005	55
8006	120
8007	120
8008	120
8009	120
8010	170
8011	170
8012	615
8013	420
8014	420
8015	442.5
8016	355
8017	105
8018	55
8019	55
8020	55
8021	55
8022	55
8023	392.5
8024	457.5
8025	420
8026	55
8027	55
8028	250
8029	55
8030	120
8031	120
8032	120
8033	120
8034	170
8035	170
8036	615
8037	420
8038	420
8039	442.5
8040	355
8041	105
8042	55
8043	55
8044	55
8045	55
8046	55
8047	392.5
8048	457.5
8049	420
8050	55
8051	55
8052	250
8053	55
8054	120
8055	120
8056	120
8057	120
8058	170
8059	170
8060	615
8061	420
8062	420
8063	442.5
8064	355
8065	105
8066	55
8067	55
8068	55
8069	55
8070	55
8071	392.5
8072	457.5
8073	420
8074	55
8075	55
8076	250
8077	55
8078	120
8079	120
8080	120
8081	120
8082	170
8083	170
8084	615
8085	420
8086	420
8087	442.5
8088	355
8089	105
8090	55
8091	55
8092	55
8093	55
8094	55
8095	392.5
8096	457.5
8097	420
8098	55
8099	55
8100	250
8101	55
8102	120
8103	120
8104	120
8105	120
8106	170
8107	170
8108	615
8109	420
8110	420
8111	442.5
8112	355
8113	105
8114	55
8115	55
8116	55
8117	55
8118	55
8119	392.5
8120	457.5
8121	420
8122	55
8123	55
8124	250
8125	55
8126	120
8127	120
8128	120
8129	120
8130	170
8131	170
8132	615
8133	420
8134	420
8135	442.5
8136	355
8137	105
8138	55
8139	55
8140	55
8141	55
8142	55
8143	392.5
8144	457.5
8145	420
8146	55
8147	55
8148	250
8149	55
8150	120
8151	120
8152	120
8153	120
8154	170
8155	170
8156	615
8157	420
8158	420
8159	442.5
8160	355
8161	105
8162	55
8163	55
8164	55
8165	55
8166	55
8167	392.5
8168	457.5
8169	420
8170	55
8171	55
8172	250
8173	55
8174	120
8175	120
8176	120
8177	120
8178	170
8179	170
8180	615
8181	420
8182	420
8183	442.5
8184	355
8185	105
8186	55
8187	55
8188	55
8189	55
8190	55
8191	392.5
8192	457.5
8193	420
8194	55
8195	55
8196	250
8197	55
8198	120
8199	120
8200	120
8201	120
8202	170
8203	170
8204	615
8205	420
8206	420
8207	442.5
8208	355
8209	105
8210	55
8211	55
8212	55
8213	55
8214	55
8215	392.5
8216	457.5
8217	420
8218	55
8219	55
8220	250
8221	55
8222	120
8223	120
8224	120
8225	120
8226	170
8227	170
8228	615
8229	420
8230	420
8231	442.5
8232	355
8233	105
8234	55
8235	55
8236	55
8237	55
8238	55
8239	392.5
8240	457.5
8241	420
8242	55
8243	55
8244	250
8245	55
8246	120
8247	120
8248	120
8249	120
8250	170
8251	170
8252	615
8253	420
8254	420
8255	442.5
8256	355
8257	105
8258	55
8259	55
8260	55
8261	55
8262	55
8263	392.5
8264	457.5
8265	420
8266	55
8267	55
8268	250
8269	55
8270	120
8271	120
8272	120
8273	120
8274	170
8275	170
8276	615
8277	420
8278	420
8279	442.5
8280	355
8281	105
8282	55
8283	55
8284	55
8285	55
8286	55
8287	392.5
8288	457.5
8289	420
8290	55
8291	55
8292	250
8293	55
8294	120
8295	120
8296	120
8297	120
8298	170
8299	170
8300	615
8301	420
8302	420
8303	442.5
8304	355
8305	105
8306	55
8307	55
8308	55
8309	55
8310	55
8311	392.5
8312	457.5
8313	420
8314	55
8315	55
8316	250
8317	55
8318	120
8319	120
8320	120
8321	120
8322	170
8323	170
8324	615
8325	420
8326	420
8327	442.5
8328	355
8329	105
8330	55
8331	55
8332	55
8333	55
8334	55
8335	392.5
8336	457.5
8337	420
8338	55
8339	55
8340	250
8341	55
8342	120
8343	120
8344	120
8345	120
8346	170
8347	170
8348	615
8349	420
8350	420
8351	442.5
8352	355
8353	105
8354	55
8355	55
8356	55
8357	55
8358	55
8359	392.5
8360	457.5
8361	420
8362	55
8363	55
8364	250
8365	55
8366	120
8367	120
8368	120
8369	120
8370	170
8371	170
8372	615
8373	420
8374	420
8375	442.5
8376	355
8377	105
8378	55
8379	55
8380	55
8381	55
8382	55
8383	392.5
8384	457.5
8385	420
8386	55
8387	55
8388	250
8389	55
8390	120
8391	120
8392	120
8393	120
8394	170
8395	170
8396	615
8397	420
8398	420
8399	442.5
8400	355
8401	105
8402	55
8403	55
8404	55
8405	55
8406	55
8407	392.5
8408	457.5
8409	420
8410	55
8411	55
8412	250
8413	55
8414	120
8415	120
8416	120
8417	120
8418	170
8419	170
8420	615
8421	420
8422	420
8423	442.5
8424	355
8425	105
8426	55
8427	55
8428	55
8429	55
8430	55
8431	392.5
8432	457.5
8433	420
8434	55
8435	55
8436	250
8437	55
8438	120
8439	120
8440	120
8441	120
8442	170
8443	170
8444	615
8445	420
8446	420
8447	442.5
8448	355
8449	105
8450	55
8451	55
8452	55
8453	55
8454	55
8455	392.5
8456	457.5
8457	420
8458	55
8459	55
8460	250
8461	55
8462	120
8463	120
8464	120
8465	120
8466	170
8467	170
8468	615
8469	420
8470	420
8471	442.5
8472	355
8473	105
8474	55
8475	55
8476	55
8477	55
8478	55
8479	392.5
8480	457.5
8481	420
8482	55
8483	55
8484	250
8485	55
8486	120
8487	120
8488	120
8489	120
8490	170
8491	170
8492	615
8493	420
8494	420
8495	442.5
8496	355
8497	105
8498	55
8499	55
8500	55
8501	55
8502	55
8503	392.5
8504	457.5
8505	420
8506	55
8507	55
8508	250
8509	55
8510	120
8511	120
8512	120
8513	120
8514	170
8515	170
8516	615
8517	420
8518	420
8519	442.5
8520	355
8521	105
8522	55
8523	55
8524	55
8525	55
8526	55
8527	392.5
8528	457.5
8529	420
8530	55
8531	55
8532	250
8533	55
8534	120
8535	120
8536	120
8537	120
8538	170
8539	170
8540	615
8541	420
8542	420
8543	442.5
8544	355
8545	105
8546	55
8547	55
8548	55
8549	55
8550	55
8551	392.5
8552	457.5
8553	420
8554	55
8555	55
8556	250
8557	55
8558	120
8559	120
8560	120
8561	120
8562	170
8563	170
8564	615
8565	420
8566	420
8567	442.5
8568	355
8569	105
8570	55
8571	55
8572	55
8573	55
8574	55
8575	392.5
8576	457.5
8577	420
8578	55
8579	55
8580	250
8581	55
8582	120
8583	120
8584	120
8585	120
8586	170
8587	170
8588	615
8589	420
8590	420
8591	442.5
8592	355
8593	105
8594	55
8595	55
8596	55
8597	55
8598	55
8599	392.5
8600	457.5
8601	420
8602	55
8603	55
8604	250
8605	55
8606	120
8607	120
8608	120
8609	120
8610	170
8611	170
8612	615
8613	420
8614	420
8615	442.5
8616	355
8617	105
8618	55
8619	55
8620	55
8621	55
8622	55
8623	392.5
8624	457.5
8625	420
8626	55
8627	55
8628	250
8629	55
8630	120
8631	120
8632	120
8633	120
8634	170
8635	170
8636	615
8637	420
8638	420
8639	442.5
8640	355
8641	105
8642	55
8643	55
8644	55
8645	55
8646	55
8647	392.5
8648	457.5
8649	420
8650	55
8651	55
8652	250
8653	55
8654	120
8655	120
8656	120
8657	120
8658	170
8659	170
8660	615
8661	420
8662	420
8663	442.5
8664	355
8665	105
8666	55
8667	55
8668	55
8669	55
8670	55
8671	392.5
8672	457.5
8673	420
8674	55
8675	55
8676	250
8677	55
8678	120
8679	120
8680	120
8681	120
8682	170
8683	170
8684	615
8685	420
8686	420
8687	442.5
8688	355
8689	105
8690	55
8691	55
8692	55
8693	55
8694	55
8695	392.5
8696	457.5
8697	420
8698	55
8699	55
8700	250
8701	55
8702	120
8703	120
8704	120
8705	120
8706	170
8707	170
8708	615
8709	420
8710	420
8711	442.5
8712	355
8713	105
8714	55
8715	55
8716	55
8717	55
8718	55
8719	392.5
8720	457.5
8721	420
8722	55
8723	55
8724	250
8725	55
8726	120
8727	120
8728	120
8729	120
8730	170
8731	170
8732	615
8733	420
8734	420
8735	442.5
8736	355
8737	105
8738	55
8739	55
8740	55
8741	55
8742	55
8743	392.5
8744	457.5
8745	420
8746	55
8747	55
8748	250
8749	55
8750	120
8751	120
8752	120
8753	120
8754	170
8755	170
8756	615
8757	420
8758	420
8759	442.5
8760	355
